2014,1,1,0.4,14.2,5.9,NA,76.7,96.3,54.7
2014,1,2,0.0,17.2,7.1,NA,74.2,93.5,43.0
2014,1,3,6.6,15.5,6.6,NA,79.4,92.8,55.1
2014,1,4,0.2,14.1,7.2,NA,74.7,96.3,55.8
2014,1,5,2.6,16.8,6.8,NA,71.7,94.5,43.5
2014,1,6,6.6,17.5,6.1,NA,72.3,91.1,45.1
2014,1,7,1.4,12.1,6.7,NA,83.8,94.4,66.5
2014,1,8,0.0,16.9,6.3,NA,62.5,91.4,34.8
2014,1,9,0.0,16.8,5.2,NA,65.1,93.8,34.1
2014,1,10,0.0,18.5,5.7,NA,50.0,86.6,20.6
2014,1,11,0.0,19.2,4.7,NA,47.8,78.4,19.5
2014,1,12,0.0,16.9,7.7,NA,56.4,71.6,35.2
2014,1,13,0.0,18.7,5.7,NA,54.0,84.6,23.0
2014,1,14,0.6,16.3,6.1,NA,63.4,77.2,36.1
2014,1,15,7.6,16.0,3.4,NA,74.8,95.4,37.6
2014,1,16,0.2,13.5,4.8,NA,76.3,94.8,56.2
2014,1,17,1.6,12.6,4.6,NA,82.9,96.1,63.4
2014,1,18,1.2,12.9,6.3,NA,79.2,95.0,55.8
2014,1,19,3.8,15.3,5.2,NA,78.3,95.9,53.6
2014,1,20,0.8,16.9,6.5,NA,72.5,92.8,42.4
2014,1,21,10.2,18.5,5.2,NA,66.7,93.0,30.5
2014,1,22,0.0,15.4,6.5,NA,74.7,97.5,43.0
2014,1,23,12.8,16.4,4.5,NA,67.5,93.5,40.9
2014,1,24,10.0,16.1,6.0,NA,77.1,96.5,43.9
2014,1,25,8.6,8.8,5.4,NA,90.2,96.7,79.2
2014,1,26,17.4,11.2,4.7,NA,86.7,97.3,70.4
2014,1,27,5.6,14.3,5.5,NA,82.2,98.3,56.2
2014,1,28,2.6,14.4,4.1,NA,80.9,94.9,58.4
2014,1,29,6.2,14.3,6.4,NA,76.1,93.9,55.1
2014,1,30,21.2,13.5,5.9,NA,82.0,96.8,58.8
2014,1,31,2.6,14.8,4.5,NA,79.0,98.1,55.8
2014,2,1,2.4,13.6,5.8,NA,76.0,95.6,57.9
2014,2,2,0.0,17.2,6.2,NA,69.4,94.8,39.5
2014,2,3,0.0,16.5,3.1,NA,46.3,80.8,22.5
2014,2,4,1.0,12.6,4.7,NA,62.1,93.8,24.7
2014,2,5,8.2,15.5,5.4,NA,72.1,96.4,44.8
2014,2,6,6.6,14.7,4.8,NA,83.0,94.7,53.5
2014,2,7,3.4,13.6,5.8,NA,80.6,96.3,55.8
2014,2,8,8.8,13.4,5.8,NA,78.3,95.7,56.9
2014,2,9,7.6,16.2,4.7,NA,73.1,93.6,42.4
2014,2,10,0.2,13.8,5.2,NA,79.0,98.5,52.4
2014,2,11,0.4,14.9,5.7,NA,77.0,93.6,51.5
2014,2,12,0.6,17.2,5.3,NA,76.1,95.5,41.7
2014,2,13,0.2,15.0,6.9,NA,73.3,92.9,46.5
2014,2,14,0.0,15.3,3.9,NA,65.0,90.7,35.5
2014,2,15,0.0,15.8,4.0,NA,64.5,86.4,37.5
2014,2,16,0.0,16.5,3.9,NA,69.3,91.6,42.3
2014,2,17,2.2,15.2,7.1,NA,65.8,80.0,48.0
2014,2,18,0.0,17.0,5.5,NA,70.2,92.5,42.8
2014,2,19,0.0,17.7,5.2,NA,66.8,92.6,40.0
2014,2,20,6.6,15.4,6.5,NA,76.4,89.9,50.2
2014,2,21,0.6,16.4,3.9,NA,70.4,92.0,38.0
2014,2,22,0.0,16.1,3.0,NA,68.0,92.6,45.1
2014,2,23,4.2,16.6,5.4,NA,71.4,89.6,45.5
2014,2,24,0.0,20.0,4.1,NA,59.1,91.8,18.8
2014,2,25,0.0,19.7,4.4,NA,56.1,89.9,19.9
2014,2,26,0.0,17.8,6.4,NA,58.8,79.6,33.2
2014,2,27,0.0,19.7,4.0,NA,58.1,87.9,24.6
2014,2,28,0.0,20.3,3.7,NA,56.3,84.2,20.2
2014,3,1,0.0,20.9,3.9,NA,54.3,90.7,12.3
2014,3,2,0.0,20.0,2.9,NA,47.4,85.5,14.7
2014,3,3,0.0,15.7,2.6,NA,48.2,72.3,20.1
2014,3,4,0.0,18.8,2.7,NA,55.9,85.8,26.9
2014,3,5,0.0,18.8,3.9,NA,53.8,74.7,29.8
2014,3,6,0.0,18.0,4.3,NA,57.1,84.9,32.9
2014,3,7,0.0,18.2,4.5,NA,62.3,89.4,34.5
2014,3,8,0.4,18.7,3.6,NA,63.1,88.0,34.6
2014,3,9,0.0,20.4,4.1,NA,57.2,88.0,20.5
2014,3,10,0.0,18.6,2.8,NA,53.2,80.8,24.7
2014,3,11,0.0,19.4,4.0,NA,58.6,81.3,23.0
2014,3,12,0.0,17.9,4.2,NA,57.9,83.1,33.8
2014,3,13,0.0,17.7,3.8,NA,58.1,85.3,32.6
2014,3,14,0.0,19.7,3.6,NA,57.2,88.1,25.4
2014,3,15,5.8,18.6,2.0,NA,56.4,83.8,22.4
2014,3,16,1.0,18.4,4.1,NA,64.5,90.0,32.6
2014,3,17,0.6,15.6,2.7,NA,72.4,94.6,44.5
2014,3,18,8.8,14.6,4.7,NA,76.2,95.8,46.8
2014,3,19,0.0,17.6,3.8,NA,68.3,96.0,31.6
2014,3,20,0.0,18.3,1.9,NA,54.0,87.6,26.5
2014,3,21,0.0,17.8,2.6,NA,46.8,77.4,18.4
2014,3,22,0.0,16.1,4.0,NA,62.9,89.0,35.8
2014,3,23,0.0,17.5,2.0,NA,60.1,87.8,28.9
2014,3,24,0.0,20.0,2.7,NA,58.8,90.7,21.0
2014,3,25,0.4,17.2,6.8,NA,63.3,84.2,39.6
2014,3,26,2.2,15.2,3.8,NA,64.1,84.9,39.4
2014,3,27,5.2,15.2,4.6,NA,74.8,93.3,48.0
2014,3,28,1.2,15.1,4.7,NA,68.6,95.7,41.6
2014,3,29,0.0,15.8,-2.0,NA,45.1,88.2,15.9
2014,3,30,0.0,14.8,-3.8,NA,37.5,73.6,11.9
2014,3,31,0.0,16.5,-2.8,NA,47.5,75.7,21.3
2014,4,1,0.0,13.8,3.1,NA,65.8,86.0,45.2
2014,4,2,0.0,16.7,3.9,NA,57.9,84.3,30.9
2014,4,3,0.0,19.1,3.3,NA,59.5,88.6,29.2
2014,4,4,0.0,16.9,3.4,NA,59.9,87.9,32.7
2014,4,5,0.0,17.9,4.9,NA,56.1,82.3,27.2
2014,4,6,0.0,19.4,4.6,NA,56.4,78.8,28.0
2014,4,7,0.0,18.3,2.9,NA,58.5,85.4,31.3
2014,4,8,0.4,18.8,4.6,NA,64.6,83.2,31.4
2014,4,9,0.0,17.8,1.6,NA,60.4,92.4,28.1
2014,4,10,0.0,17.9,4.6,NA,63.1,96.5,28.5
2014,4,11,0.0,17.7,3.3,NA,66.6,95.3,30.1
2014,4,12,0.0,17.9,-1.2,NA,49.7,80.8,13.9
2014,4,13,0.0,17.1,3.0,NA,61.7,89.2,31.8
2014,4,14,0.0,18.4,2.7,NA,58.1,87.9,24.0
2014,4,15,5.8,17.0,3.3,NA,57.4,81.0,30.8
2014,4,16,1.0,19.6,1.4,NA,54.7,82.2,18.5
2014,4,17,0.6,19.1,1.1,NA,47.1,70.6,18.0
2014,4,18,8.8,18.6,3.8,NA,56.6,80.0,28.7
2014,4,19,0.0,17.6,0.9,NA,54.9,81.4,29.6
2014,4,20,0.0,17.0,4.0,NA,55.6,82.7,26.6
2014,4,21,0.0,15.7,1.1,NA,59.3,83.8,30.6
2014,4,22,0.0,15.5,1.3,NA,57.6,80.8,27.6
2014,4,23,0.0,14.7,2.1,NA,63.3,90.0,30.4
2014,4,24,0.0,16.4,1.2,NA,62.7,87.5,29.1
2014,4,25,0.4,16.5,0.4,NA,54.6,93.2,18.9
2014,4,26,2.2,14.9,-2.3,NA,30.7,58.0,13.6
2014,4,27,5.2,15.3,-4.0,NA,27.2,52.0,10.0
2014,4,28,1.2,18.2,-3.6,NA,34.5,58.4,13.5
2014,4,29,0.0,17.0,1.2,NA,49.2,75.8,22.2
2014,4,30,0.0,16.6,3.9,NA,48.5,78.8,19.5
2014,5,1,0.0,16.0,-3.1,NA,29.0,58.5,6.9
2014,5,2,0.0,16.8,-3.1,NA,29.7,68.6,7.8
2014,5,3,0.0,17.8,-1.2,NA,45.6,74.4,12.3
2014,5,4,0.0,17.2,-2.4,NA,29.1,53.7,14.8
2014,5,5,0.0,16.7,0.9,NA,23.1,39.9,9.1
2014,5,6,0.0,15.8,-3.5,NA,28.4,52.6,12.3
2014,5,7,0.0,17.0,-3.4,NA,34.2,79.5,10.8
2014,5,8,0.0,16.0,-0.4,NA,45.6,82.0,16.1
2014,5,9,0.0,16.4,-2.1,NA,49.1,83.2,11.5
2014,5,10,0.0,15.9,-0.3,NA,48.6,84.7,14.4
2014,5,11,0.6,15.5,-2.1,NA,48.1,69.3,21.9
2014,5,12,2.4,12.6,-0.2,NA,68.9,91.7,42.7
2014,5,13,0.0,14.5,0.8,NA,63.2,89.7,30.3
2014,5,14,0.0,16.3,-2.4,NA,47.8,81.3,14.4
2014,5,15,0.0,16.3,-3.4,NA,29.0,51.3,13.8
2014,5,16,0.0,16.8,-3.7,NA,27.5,50.4,14.4
2014,5,17,0.0,14.5,-3.7,NA,24.9,47.1,6.0
2014,5,18,0.0,15.5,-2.6,NA,49.5,82.5,16.6
2014,5,19,0.0,17.1,-2.9,NA,46.1,74.5,14.7
2014,5,20,0.0,16.3,-1.6,NA,41.4,83.7,12.9
2014,5,21,0.0,16.2,-3.4,NA,29.5,50.6,10.3
2014,5,22,1.6,13.1,-1.2,NA,52.6,93.4,27.6
2014,5,23,1.4,13.3,2.3,NA,68.9,95.3,37.0
2014,5,24,0.0,14.1,-0.3,NA,46.0,89.0,8.9
2014,5,25,0.0,15.4,-5.9,NA,22.5,46.7,5.0
2014,5,26,0.0,16.5,-6.6,NA,26.4,50.3,5.8
2014,5,27,0.0,16.6,-6.1,NA,29.7,59.4,6.5
2014,5,28,0.0,16.2,-5.0,NA,34.3,64.2,8.9
2014,5,29,0.0,16.6,-4.5,NA,30.1,59.2,8.6
2014,5,30,0.0,17.3,-4.0,NA,24.9,43.5,10.9
2014,5,31,0.0,17.8,-4.5,NA,16.3,32.1,5.1
2014,6,1,0.0,18.1,-6.8,NA,21.9,49.7,5.7
2014,6,2,0.0,15.6,-5.9,NA,21.8,43.5,6.5
2014,6,3,0.0,14.6,-5.9,NA,17.3,28.5,7.5
2014,6,4,0.0,16.0,-6.0,NA,15.0,24.0,6.0
2014,6,5,0.0,17.2,-4.9,NA,21.6,40.6,6.8
2014,6,6,0.0,18.2,-5.8,NA,18.4,39.0,5.9
2014,6,7,0.0,18.8,-5.4,NA,14.9,26.4,5.6
2014,6,8,0.0,17.2,-7.2,NA,12.9,24.6,4.8
2014,6,9,0.0,14.5,-7.5,NA,25.6,73.8,7.2
2014,6,10,0.0,13.9,-1.0,NA,67.0,92.0,42.5
2014,6,11,0.0,17.5,-2.6,NA,47.6,81.6,11.4
2014,6,12,0.0,16.6,-1.4,NA,22.5,49.3,6.6
2014,6,13,0.0,16.4,-4.4,NA,23.0,55.3,6.5
2014,6,14,0.0,16.1,-6.0,NA,37.9,80.5,6.8
2014,6,15,0.0,15.7,-5.8,NA,37.2,70.5,11.0
2014,6,16,0.0,16.7,-5.0,NA,40.1,69.4,8.8
2014,6,17,0.0,16.1,-4.2,NA,44.5,79.2,10.9
2014,6,18,0.0,16.4,-1.6,NA,38.4,56.4,16.0
2014,6,19,0.0,15.4,-2.7,NA,36.1,70.9,15.7
2014,6,20,0.0,16.3,-3.2,NA,37.2,64.7,14.5
2014,6,21,0.0,17.3,-2.8,NA,29.7,58.9,9.8
2014,6,22,0.0,16.7,0.0,NA,29.5,66.2,9.9
2014,6,23,0.0,16.9,-4.0,NA,24.0,41.0,11.7
2014,6,24,0.0,15.5,-3.1,NA,35.9,55.8,19.4
2014,6,25,0.0,16.2,-2.2,NA,34.8,53.3,19.9
2014,6,26,0.0,16.2,-2.0,NA,36.5,58.0,18.3
2014,6,27,0.0,16.1,-3.6,NA,48.9,77.1,13.7
2014,6,28,0.0,16.2,-2.6,NA,52.5,92.7,12.4
2014,6,29,0.0,14.5,-5.9,NA,23.1,36.8,10.5
2014,6,30,0.0,15.1,-7.3,NA,20.1,40.7,5.6
2014,7,1,0.0,15.7,-4.9,NA,20.4,34.9,8.9
2014,7,2,0.0,15.8,-4.6,NA,22.4,37.9,13.3
2014,7,3,0.0,15.1,-4.0,NA,27.4,56.3,13.4
2014,7,4,0.0,15.0,-3.7,NA,42.0,65.3,27.2
2014,7,5,0.0,14.8,-3.2,NA,37.0,84.4,5.0
2014,7,6,0.0,15.8,-7.4,NA,26.6,62.4,9.7
2014,7,7,0.0,15.9,-6.0,NA,51.4,81.6,10.6
2014,7,8,0.0,16.5,-4.7,NA,48.5,77.9,18.3
2014,7,9,0.0,17.2,-4.2,NA,56.4,82.7,10.5
2014,7,10,0.0,16.4,-4.6,NA,46.3,84.3,8.1
2014,7,11,0.0,16.4,-4.7,NA,29.3,54.3,10.7
2014,7,12,0.0,15.4,-3.4,NA,31.8,50.5,17.7
2014,7,13,0.0,15.9,-2.4,NA,31.2,55.6,13.7
2014,7,14,0.0,15.3,-3.8,NA,26.5,43.4,12.4
2014,7,15,0.0,14.9,-2.7,NA,27.3,53.6,5.5
2014,7,16,0.0,15.9,-3.5,NA,32.8,63.1,10.7
2014,7,17,0.0,14.9,-4.1,NA,43.1,75.0,8.9
2014,7,18,1.4,13.0,-2.0,NA,56.1,94.6,26.4
2014,7,19,0.0,12.9,-3.2,NA,62.5,93.5,19.4
2014,7,20,0.2,13.6,-3.3,NA,55.1,78.8,21.3
2014,7,21,0.0,13.3,-3.7,NA,50.1,88.8,17.3
2014,7,22,0.0,14.7,-6.4,NA,29.0,51.2,7.6
2014,7,23,0.0,13.0,-4.8,NA,21.6,45.5,4.6
2014,7,24,0.0,13.9,-7.9,NA,20.8,54.6,4.6
2014,7,25,0.0,13.1,-3.5,NA,33.9,73.7,6.4
2014,7,26,0.0,12.1,-5.4,NA,16.4,28.7,7.0
2014,7,27,0.0,12.3,-7.7,NA,16.8,49.4,4.3
2014,7,28,0.0,14.0,-9.0,NA,34.1,66.1,4.2
2014,7,29,0.0,13.8,-6.5,NA,32.7,63.9,7.2
2014,7,30,0.0,13.8,-5.2,NA,35.8,64.1,10.6
2014,7,31,0.0,14.5,-5.4,NA,36.1,74.7,12.2
2014,8,1,0.0,14.8,-4.0,NA,20.1,38.5,7.8
2014,8,2,0.0,17.4,-5.7,NA,30.5,59.8,4.6
2014,8,3,0.0,17.4,-4.5,NA,26.7,52.1,7.1
2014,8,4,0.0,17.7,-6.9,NA,23.7,62.2,6.3
2014,8,5,0.0,16.4,-1.1,NA,51.6,84.7,19.7
2014,8,6,0.0,16.7,-2.5,NA,44.8,80.1,13.7
2014,8,7,0.0,12.1,-2.4,NA,47.5,67.6,26.3
2014,8,8,0.0,12.5,0.8,NA,64.2,83.6,42.3
2014,8,9,0.6,12.0,0.0,NA,69.5,92.5,42.1
2014,8,10,0.0,14.0,-2.8,NA,55.6,94.1,21.4
2014,8,11,0.0,16.1,-5.4,NA,36.8,66.1,15.8
2014,8,12,0.0,17.3,-2.5,NA,47.2,79.6,8.3
2014,8,13,0.0,13.3,-1.6,NA,65.4,85.2,35.9
2014,8,14,0.2,15.0,-0.8,NA,58.1,90.9,20.7
2014,8,15,0.0,15.0,-1.3,NA,59.7,89.6,19.1
2014,8,16,0.0,16.1,3.5,NA,52.8,78.1,20.5
2014,8,17,5.6,12.9,0.7,NA,62.4,95.5,27.4
2014,8,18,0.0,10.1,-0.1,NA,72.5,92.0,41.9
2014,8,19,0.0,14.3,-2.9,NA,58.8,92.2,15.1
2014,8,20,0.0,13.9,-2.5,NA,58.1,86.1,24.5
2014,8,21,0.0,14.1,-1.5,NA,52.9,88.5,24.2
2014,8,22,0.0,16.4,-2.4,NA,36.8,71.1,10.3
2014,8,23,0.0,16.6,-2.4,NA,30.5,54.4,8.8
2014,8,24,0.0,16.1,-4.1,NA,26.8,50.9,7.6
2014,8,25,0.0,16.7,-5.5,NA,23.1,65.1,6.2
2014,8,26,0.0,16.0,-3.4,NA,49.8,84.8,14.9
2014,8,27,0.0,16.1,-4.8,NA,28.9,55.5,9.7
2014,8,28,0.0,15.6,-5.1,NA,29.2,63.1,10.1
2014,8,29,3.2,15.2,0.1,NA,62.2,90.6,32.0
2014,8,30,10.6,11.8,1.7,NA,79.6,97.2,50.2
2014,8,31,3.8,12.3,2.0,NA,75.3,95.6,40.7
2014,9,1,0.0,14.5,2.6,NA,73.9,95.9,31.3
2014,9,2,0.0,15.6,0.3,NA,59.4,93.7,21.0
2014,9,3,4.8,13.5,1.8,NA,68.4,91.5,33.4
2014,9,4,0.0,11.3,0.7,NA,72.5,94.0,47.0
2014,9,5,0.0,12.4,2.5,NA,64.1,88.2,39.4
2014,9,6,0.0,16.5,-0.5,NA,55.8,89.7,20.0
2014,9,7,0.0,14.9,4.5,NA,58.3,82.7,27.3
2014,9,8,0.4,16.2,4.7,NA,61.6,82.3,30.7
2014,9,9,0.0,17.9,2.3,NA,47.9,91.0,18.4
2014,9,10,0.0,18.6,-1.9,NA,33.0,59.8,11.7
2014,9,11,0.8,15.5,2.7,NA,60.8,81.6,37.0
2014,9,12,2.6,15.5,1.7,NA,63.3,88.5,39.2
2014,9,13,0.0,8.6,3.7,NA,77.9,92.9,65.1
2014,9,14,NA,NA,NA,NA,NA,NA,NA
2014,9,15,NA,NA,NA,NA,NA,NA,NA
2014,9,16,NA,NA,NA,NA,NA,NA,NA
2014,9,17,NA,NA,NA,NA,NA,NA,NA
2014,9,18,NA,NA,NA,NA,NA,NA,NA
2014,9,19,NA,NA,NA,NA,NA,NA,NA
2014,9,20,NA,NA,NA,NA,NA,NA,NA
2014,9,21,NA,NA,NA,NA,NA,NA,NA
2014,9,22,NA,NA,NA,NA,NA,NA,NA
2014,9,23,NA,NA,NA,NA,NA,NA,NA
2014,9,24,NA,NA,NA,NA,NA,NA,NA
2014,9,25,NA,NA,NA,NA,NA,NA,NA
2014,9,26,NA,NA,NA,NA,NA,NA,NA
2014,9,27,18.0,17.7,4.5,NA,65.7,96.9,33.8
2014,9,28,7.8,13.2,3.8,NA,81.7,96.4,50.7
2014,9,29,1.6,14.1,3.9,NA,79.6,96.4,50.2
2014,9,30,0.0,16.4,3.1,NA,64.2,95.6,27.2
2014,10,1,0.0,14.9,2.7,NA,64.8,89.9,39.9
2014,10,2,0.0,14.2,5.2,NA,60.9,82.2,40.0
2014,10,3,0.0,14.9,2.7,NA,63.1,98.0,36.0
2014,10,4,0.0,16.1,3.7,NA,60.1,87.9,26.8
2014,10,5,0.8,16.5,3.5,NA,59.3,79.6,34.6
2014,10,6,0.0,16.9,4.4,NA,61.0,86.5,35.0
2014,10,7,0.6,14.9,4.2,NA,66.3,88.5,43.5
2014,10,8,0.0,18.2,2.8,NA,57.7,88.2,29.4
2014,10,9,0.0,19.8,2.4,NA,52.7,92.5,13.1
2014,10,10,0.0,19.4,2.2,NA,47.0,76.5,21.2
2014,10,11,0.2,18.2,2.4,NA,51.1,74.1,27.5
2014,10,12,0.0,18.9,3.2,NA,50.4,83.4,20.4
2014,10,13,0.0,17.5,3.1,NA,54.9,83.0,26.7
2014,10,14,0.0,18.9,2.5,NA,54.0,87.7,16.5
2014,10,15,0.0,18.4,3.5,NA,45.4,82.5,15.8
2014,10,16,0.0,19.5,2.0,NA,38.2,77.0,8.3
2014,10,17,0.0,18.7,0.5,NA,41.0,70.5,14.3
2014,10,18,0.4,20.1,1.8,NA,40.1,67.3,11.8
2014,10,19,0.0,18.2,5.0,NA,48.3,82.0,15.8
2014,10,20,8.6,13.8,3.6,NA,70.4,94.5,42.5
2014,10,21,3.2,11.9,3.6,NA,80.7,96.6,52.3
2014,10,22,1.2,13.2,3.2,NA,77.4,96.7,52.1
2014,10,23,0.0,17.5,2.0,NA,61.3,91.9,15.5
2014,10,24,0.0,17.3,3.7,NA,51.8,91.8,11.7
2014,10,25,0.0,17.3,4.4,NA,45.1,78.5,18.1
2014,10,26,0.0,17.5,1.3,NA,42.4,88.0,10.4
2014,10,27,0.0,18.3,0.5,NA,41.6,69.8,18.0
2014,10,28,0.0,19.2,3.5,NA,52.8,83.1,20.5
2014,10,29,0.0,19.4,2.2,NA,35.4,78.9,9.8
2014,10,30,0.0,21.0,0.7,NA,30.4,57.1,10.6
2014,10,31,0.4,19.4,3.9,NA,50.9,76.8,18.4
2014,11,1,0.0,19.5,5.3,NA,53.5,79.6,24.9
2014,11,2,1.2,15.7,6.5,NA,63.3,83.2,38.8
2014,11,3,0.0,20.0,2.6,NA,41.3,91.6,8.3
2014,11,4,0.0,21.1,-0.2,NA,30.9,60.9,4.1
2014,11,5,4.8,21.5,2.0,NA,51.5,82.5,15.1
2014,11,6,0.0,21.0,5.5,NA,37.8,72.0,11.4
2014,11,7,0.0,23.1,3.6,NA,30.9,57.4,8.0
2014,11,8,0.0,18.9,4.9,NA,47.8,72.5,19.6
2014,11,9,0.0,21.9,4.1,NA,49.2,79.7,9.9
2014,11,10,0.0,20.1,5.4,NA,53.7,80.3,23.1
2014,11,11,0.0,21.2,2.8,NA,38.2,77.4,11.2
2014,11,12,0.0,19.7,2.6,NA,23.0,43.2,10.9
2014,11,13,0.0,16.9,1.7,NA,33.2,62.0,9.9
2014,11,14,0.0,17.2,3.0,NA,40.7,70.3,13.5
2014,11,15,0.0,15.0,3.4,NA,55.4,79.0,30.5
2014,11,16,0.0,16.5,3.8,NA,47.2,64.3,30.0
2014,11,17,0.6,16.6,5.3,NA,54.4,87.8,32.1
2014,11,18,0.0,18.7,4.6,NA,45.9,94.6,14.2
2014,11,19,0.0,17.5,-2.8,NA,21.2,48.2,7.3
2014,11,20,0.0,18.5,0.7,NA,36.0,51.9,17.5
2014,11,21,9.8,18.5,3.0,NA,51.9,94.8,26.7
2014,11,22,11.0,16.4,5.2,NA,71.7,95.4,35.8
2014,11,23,0.0,15.4,5.0,NA,67.7,93.0,39.6
2014,11,24,0.0,18.5,3.4,NA,54.6,94.2,17.8
2014,11,25,0.0,19.7,-0.1,NA,25.8,61.0,9.3
2014,11,26,0.0,19.8,2.4,NA,32.8,68.0,5.5
2014,11,27,0.0,16.8,4.3,NA,55.3,82.1,27.5
2014,11,28,0.0,16.4,3.3,NA,55.2,78.8,31.5
2014,11,29,0.0,19.5,4.8,NA,50.8,77.6,25.1
2014,11,30,0.2,18.7,4.3,NA,56.9,82.3,27.2
2014,12,1,1.8,16.4,5.4,NA,65.9,87.9,24.6
2014,12,2,0.0,21.1,2.9,NA,51.5,88.4,14.5
2014,12,3,1.0,18.1,3.0,NA,57.5,78.6,24.0
2014,12,4,0.0,19.4,3.8,NA,41.3,80.0,14.4
2014,12,5,0.0,20.4,1.5,NA,29.1,64.7,11.8
2014,12,6,0.0,22.4,1.7,NA,28.1,55.0,8.5
2014,12,7,0.0,20.8,3.4,NA,40.9,66.1,14.1
2014,12,8,1.0,18.7,6.1,NA,53.8,82.6,26.6
2014,12,9,0.0,18.7,4.0,NA,57.1,91.8,25.2
2014,12,10,0.0,21.3,2.9,NA,36.8,75.5,14.1
2014,12,11,0.0,18.2,6.6,NA,49.5,70.8,27.8
2014,12,12,0.2,20.5,6.9,NA,51.7,76.1,24.2
2014,12,13,1.0,19.5,5.1,NA,55.9,84.1,18.1
2014,12,14,0.0,14.3,6.1,NA,62.8,85.3,41.9
2014,12,15,0.0,18.0,6.2,NA,54.2,76.5,30.4
2014,12,16,3.8,18.0,7.9,NA,58.5,83.3,35.6
2014,12,17,2.6,16.2,6.3,NA,76.0,94.9,47.3
2014,12,18,0.0,13.9,4.8,NA,68.9,91.2,43.8
2014,12,19,3.4,17.5,4.3,NA,65.0,91.6,40.0
2014,12,20,1.0,19.8,4.5,NA,60.9,91.6,25.5
2014,12,21,0.0,19.2,0.7,NA,28.0,62.1,11.1
2014,12,22,17.0,19.2,1.8,NA,37.3,68.5,17.8
2014,12,23,0.2,15.5,4.4,NA,72.8,98.9,48.8
2014,12,24,0.0,20.6,4.6,NA,61.0,91.5,21.4
2014,12,25,0.8,20.4,7.2,NA,53.2,89.9,23.5
2014,12,26,5.0,17.9,7.1,NA,70.4,89.9,38.5
2014,12,27,1.6,15.8,5.6,NA,71.6,94.4,46.2
2014,12,28,2.2,16.9,6.5,NA,75.5,93.0,45.4
2014,12,29,1.8,12.8,5.4,NA,79.8,93.3,64.2
2014,12,30,1.8,14.2,3.8,NA,72.6,93.2,51.1
2014,12,31,0.0,19.1,4.9,NA,56.5,91.0,16.4
2015,1,1,0.0,17.4,2.8,10.8,47.4,75.4,21.3
2015,1,2,4.6,16.5,6.0,9.8,69.7,91.6,43.3
2015,1,3,0.0,16.8,6.8,10.5,66.3,90.7,35.2
2015,1,4,9.0,16.8,5.0,10.1,67.8,85.5,34.4
2015,1,5,0.2,14.2,5.5,8.7,79.1,95.2,49.6
2015,1,6,13.8,14.6,4.1,8.0,79.5,93.7,50.3
2015,1,7,13.4,16.4,4.3,9.7,72.2,93.5,44.2
2015,1,8,10.8,13.6,4.2,7.8,83.8,97.9,58.4
2015,1,9,3.6,14.9,4.2,9.3,75.6,94.0,50.0
2015,1,10,8.2,13.8,4.6,8.5,80.4,96.8,55.4
2015,1,11,26.0,13.4,3.8,7.3,82.1,97.4,59.1
2015,1,12,33.6,11.3,4.6,6.9,86.4,98.1,68.6
2015,1,13,1.0,11.4,4.0,7.8,84.2,96.4,68.2
2015,1,14,0.0,13.3,5.1,8.7,78.9,94.8,54.8
2015,1,15,0.4,12.7,5.8,8.6,77.4,91.2,55.7
2015,1,16,1.2,12.4,5.2,8.4,79.1,97.2,56.3
2015,1,17,0.2,14.9,6.0,9.5,70.0,86.7,48.5
2015,1,18,34.2,11.6,4.6,7.7,85.1,98.5,66.0
2015,1,19,7.8,12.2,2.6,7.0,84.2,97.3,67.2
2015,1,20,0.0,13.1,5.1,8.7,75.2,94.9,54.4
2015,1,21,0.0,15.3,4.7,9.9,64.0,83.7,39.3
2015,1,22,0.0,15.2,6.3,10.4,64.7,84.8,43.8
2015,1,23,0.0,16.8,5.6,11.0,63.5,90.5,35.4
2015,1,24,1.0,16.3,6.9,10.2,68.6,89.0,38.7
2015,1,25,0.0,15.0,4.5,9.8,70.0,94.1,44.2
2015,1,26,0.0,16.2,4.9,10.3,60.6,85.0,37.2
2015,1,27,3.8,17.1,3.9,10.6,63.4,93.2,33.0
2015,1,28,0.0,16.5,6.0,10.9,67.9,94.8,42.5
2015,1,29,0.0,14.2,5.8,10.0,69.6,91.2,51.4
2015,1,30,0.4,14.8,7.2,10.4,64.4,81.3,45.3
2015,1,31,0.0,16.2,7.0,10.4,67.4,88.1,44.6
2015,2,1,0.0,15.6,5.0,10.3,63.1,88.4,37.6
2015,2,2,0.0,17.8,3.7,10.7,62.7,92.8,25.9
2015,2,3,0.0,18.6,5.1,11.5,60.8,86.0,31.5
2015,2,4,26.4,17.5,5.5,10.2,71.0,91.3,41.2
2015,2,5,0.8,16.3,5.1,10.4,70.3,93.5,39.8
2015,2,6,0.4,13.9,7.6,9.3,77.6,91.8,53.2
2015,2,7,0.0,15.2,3.9,9.9,67.2,97.0,41.4
2015,2,8,0.0,17.6,6.0,11.6,59.6,81.3,38.1
2015,2,9,3.2,17.3,6.1,10.7,66.4,94.1,39.5
2015,2,10,0.6,14.8,6.1,9.6,74.9,93.4,53.6
2015,2,11,0.4,14.5,5.8,10.1,69.4,90.9,50.8
2015,2,12,0.0,17.3,7.1,11.5,66.2,95.3,38.5
2015,2,13,5.0,16.3,5.7,11.3,65.0,86.9,41.7
2015,2,14,4.2,13.0,6.0,8.9,85.0,96.6,66.7
2015,2,15,0.2,15.8,7.1,10.8,77.6,93.4,58.1
2015,2,16,0.2,17.1,5.0,10.7,72.0,94.0,41.0
2015,2,17,16.6,16.1,4.5,8.8,75.2,93.8,42.5
2015,2,18,0.0,18.1,2.3,10.4,58.9,94.1,21.5
2015,2,19,0.0,17.4,1.3,9.5,47.1,85.9,12.7
2015,2,20,0.0,17.1,2.5,9.7,60.6,87.8,34.5
2015,2,21,0.0,16.6,3.8,10.4,62.5,89.4,37.9
2015,2,22,0.0,16.1,5.3,10.9,60.0,80.2,40.0
2015,2,23,0.0,15.5,6.5,10.6,68.3,89.5,48.7
2015,2,24,0.0,17.0,4.6,10.6,58.0,88.1,26.4
2015,2,25,0.0,18.7,4.2,11.5,52.3,79.0,24.4
2015,2,26,0.0,17.6,4.0,11.5,56.3,83.7,33.0
2015,2,27,2.8,16.4,5.3,9.6,68.7,90.2,42.6
2015,2,28,0.0,15.3,3.1,8.8,73.4,95.3,42.6
2015,3,1,0.0,16.1,4.8,10.5,64.9,89.1,44.2
2015,3,2,6.8,16.2,6.7,10.3,69.6,85.4,47.8
2015,3,3,1.2,19.4,3.4,10.3,71.2,95.2,29.6
2015,3,4,2.6,16.6,6.3,10.6,68.2,86.6,37.6
2015,3,5,0.0,13.8,6.3,10.1,72.8,91.2,55.6
2015,3,6,4.2,16.6,6.2,10.4,69.4,85.4,41.9
2015,3,7,1.0,17.0,6.3,10.8,69.5,91.0,42.6
2015,3,8,0.0,16.9,5.7,11.1,65.6,89.3,38.4
2015,3,9,0.0,17.3,6.2,11.0,66.7,90.7,35.5
2015,3,10,0.0,18.0,6.5,12.3,58.3,81.0,30.6
2015,3,11,0.0,18.9,4.3,12.2,55.1,83.1,27.2
2015,3,12,0.6,19.3,5.2,11.5,65.6,85.8,35.8
2015,3,13,4.0,20.0,5.8,11.2,66.2,92.8,26.0
2015,3,14,0.0,18.3,6.0,11.8,63.3,92.0,33.3
2015,3,15,0.0,17.4,5.9,11.8,60.1,87.7,32.7
2015,3,16,0.6,17.6,4.3,10.4,64.0,87.8,35.7
2015,3,17,0.2,15.7,6.6,10.4,67.9,90.1,45.3
2015,3,18,0.0,15.1,4.6,10.1,60.2,83.2,39.9
2015,3,19,0.0,16.4,3.1,10.2,56.4,86.0,32.4
2015,3,20,1.6,13.8,6.8,9.3,72.2,88.7,58.7
2015,3,21,0.0,13.3,4.7,9.1,66.8,84.8,47.8
2015,3,22,0.0,17.5,0.7,9.3,61.8,90.3,30.6
2015,3,23,0.0,15.1,2.5,8.8,64.0,82.8,39.0
2015,3,24,0.0,16.6,2.5,8.9,57.6,91.7,25.1
2015,3,25,12.4,14.1,2.3,7.5,75.0,91.9,44.4
2015,3,26,4.6,11.9,5.5,7.7,85.7,96.8,62.3
2015,3,27,1.0,13.7,4.8,8.0,77.9,95.5,49.8
2015,3,28,0.0,16.6,0.0,8.4,57.3,88.5,18.3
2015,3,29,0.0,17.5,0.9,9.4,61.3,90.1,24.8
2015,3,30,0.0,16.8,4.4,10.4,51.2,89.9,14.1
2015,3,31,0.0,16.5,0.8,9.1,55.9,81.2,26.9
2015,4,1,0.0,14.6,6.3,9.8,65.2,82.7,44.2
2015,4,2,0.2,16.2,3.7,9.6,70.2,87.8,44.9
2015,4,3,0.0,18.9,2.9,10.6,64.8,92.0,25.6
2015,4,4,0.0,20.2,2.7,11.4,46.8,88.2,12.1
2015,4,5,0.2,16.3,3.7,9.7,61.9,85.1,34.8
2015,4,6,0.0,16.6,5.4,10.7,59.5,82.0,36.6
2015,4,7,10.0,16.1,4.2,9.8,62.2,95.2,35.1
2015,4,8,8.2,10.4,4.9,6.9,88.4,97.0,74.2
2015,4,9,0.2,14.6,4.1,8.0,75.5,95.1,49.1
2015,4,10,1.4,10.7,3.4,6.8,80.6,92.9,63.2
2015,4,11,8.2,12.7,3.5,8.2,76.3,93.5,54.4
2015,4,12,1.6,11.3,4.9,7.8,81.5,96.8,66.2
2015,4,13,0.0,15.9,5.4,9.5,68.8,94.2,28.6
2015,4,14,0.0,17.0,3.4,9.5,65.3,93.2,26.2
2015,4,15,0.0,16.0,2.0,9.0,65.4,92.7,30.1
2015,4,16,0.0,16.0,3.2,9.5,51.3,77.1,28.4
2015,4,17,0.0,14.2,2.0,8.5,53.2,70.7,30.7
2015,4,18,1.0,15.3,4.2,9.6,62.8,77.2,45.4
2015,4,19,0.0,16.4,5.5,10.1,66.6,88.8,37.6
2015,4,20,10.6,15.7,1.5,7.5,70.7,91.3,30.7
2015,4,21,0.0,16.9,3.7,8.7,72.9,94.4,39.0
2015,4,22,0.0,14.5,1.2,9.2,63.9,88.7,42.9
2015,4,23,1.2,15.3,4.6,9.6,65.2,96.1,41.5
2015,4,24,6.6,16.0,4.0,9.0,77.1,97.7,44.3
2015,4,25,0.2,15.1,6.2,9.5,72.0,95.5,45.1
2015,4,26,0.6,17.1,3.0,9.0,71.6,90.4,41.7
2015,4,27,0.0,15.3,1.7,8.5,72.5,92.5,44.6
2015,4,28,0.0,15.1,2.5,8.6,70.5,92.3,44.2
2015,4,29,0.0,16.5,2.4,9.2,63.0,92.9,20.4
2015,4,30,0.0,15.4,2.6,9.0,64.1,87.8,35.1
2015,5,1,0.0,17.1,3.5,9.8,60.0,88.3,23.0
2015,5,2,0.0,15.3,-1.1,6.8,46.0,84.3,12.7
2015,5,3,0.0,13.5,-3.5,4.8,38.3,76.4,12.8
2015,5,4,0.0,16.4,-4.6,5.9,36.8,64.0,15.4
2015,5,5,0.0,15.4,-3.5,5.6,34.0,64.3,10.9
2015,5,6,0.0,16.4,-1.1,8.4,42.0,76.0,23.1
2015,5,7,5.8,16.3,0.2,8.0,61.6,93.1,26.6
2015,5,8,0.0,15.8,0.6,7.6,62.6,92.8,28.3
2015,5,9,0.0,16.7,-0.3,7.7,50.8,80.7,18.0
2015,5,10,0.0,16.7,-2.3,7.5,47.2,75.9,14.4
2015,5,11,0.0,16.5,-0.3,8.3,56.2,89.1,16.4
2015,5,12,0.0,16.8,0.6,8.6,57.1,90.2,14.5
2015,5,13,0.0,15.8,-2.0,6.7,48.9,76.5,18.1
2015,5,14,0.0,15.4,-3.0,6.5,45.0,73.8,13.1
2015,5,15,0.0,12.6,-3.1,6.0,38.6,60.1,16.1
2015,5,16,0.0,10.3,3.0,6.3,53.0,71.9,32.4
2015,5,17,0.0,15.5,1.5,7.4,54.5,75.9,17.4
2015,5,18,0.0,15.1,-3.4,5.4,44.1,70.0,12.3
2015,5,19,0.0,14.9,-5.2,5.5,41.1,72.0,13.8
2015,5,20,0.0,14.5,-2.9,5.1,47.0,87.3,13.9
2015,5,21,0.0,15.3,-6.1,4.2,22.8,44.3,7.5
2015,5,22,0.0,15.7,-3.8,5.6,25.7,48.7,12.9
2015,5,23,0.0,15.1,-6.0,3.9,30.5,60.5,6.5
2015,5,24,0.0,16.3,-5.3,5.4,30.3,55.4,10.7
2015,5,25,0.0,14.1,-2.9,5.6,45.1,64.3,20.5
2015,5,26,5.4,13.8,-0.9,5.0,72.0,95.3,34.4
2015,5,27,0.2,13.4,-2.9,3.7,76.4,99.8,26.2
2015,5,28,0.0,15.0,-3.9,5.2,54.7,85.3,12.6
2015,5,29,0.0,15.7,-3.3,5.4,51.8,94.2,11.2
2015,5,30,0.0,16.6,-5.2,5.3,30.9,50.9,9.2
2015,5,31,0.0,16.2,-5.0,5.7,38.3,79.3,11.6
2015,6,1,0.0,14.2,-2.9,6.0,54.2,79.3,26.8
2015,6,2,0.0,15.8,-1.7,6.5,59.9,94.2,19.4
2015,6,3,0.0,14.7,-1.7,5.6,47.8,90.1,13.0
2015,6,4,0.0,15.7,-5.5,4.8,30.4,51.5,12.5
2015,6,5,0.0,16.2,-4.9,5.5,33.3,62.5,11.6
2015,6,6,0.0,17.1,-4.9,5.5,27.8,50.8,9.2
2015,6,7,0.0,17.0,-5.9,5.1,24.4,46.2,9.9
2015,6,8,0.0,17.4,-5.5,6.0,27.6,48.3,13.2
2015,6,9,0.0,15.5,-4.0,5.2,30.5,60.2,10.2
2015,6,10,0.0,15.1,-3.8,5.1,21.0,36.9,9.4
2015,6,11,0.0,14.5,-4.7,4.3,22.7,42.1,9.5
2015,6,12,0.0,16.4,-4.1,5.3,36.6,79.7,9.8
2015,6,13,0.0,14.9,-5.7,3.6,26.3,48.7,9.2
2015,6,14,0.0,16.0,-5.5,4.2,23.4,45.7,6.8
2015,6,15,0.0,17.0,-4.2,6.6,48.9,75.2,22.6
2015,6,16,0.0,17.6,-0.3,8.6,53.0,87.9,20.9
2015,6,17,0.0,15.9,-2.0,7.1,34.1,59.5,15.4
2015,6,18,0.0,15.4,-3.7,5.9,47.0,70.5,24.8
2015,6,19,0.0,15.6,-1.9,6.7,56.1,89.8,13.6
2015,6,20,0.0,14.6,-3.7,5.3,43.3,81.5,8.4
2015,6,21,0.0,16.1,-5.8,5.3,31.4,55.7,8.0
2015,6,22,0.0,16.7,-3.8,6.4,38.8,62.3,14.7
2015,6,23,0.0,18.5,-2.3,7.8,38.4,63.6,13.1
2015,6,24,0.0,16.9,-2.9,6.4,40.8,70.0,15.5
2015,6,25,0.0,16.8,-3.1,6.5,34.9,61.2,14.7
2015,6,26,0.0,18.3,-2.0,7.9,30.9,56.9,10.5
2015,6,27,0.0,16.2,-2.1,7.4,24.8,46.5,13.9
2015,6,28,0.0,15.7,-3.7,6.1,24.9,49.7,9.0
2015,6,29,0.0,15.6,-6.9,4.1,23.3,44.8,7.8
2015,6,30,0.0,15.1,-6.0,4.4,28.0,47.7,10.4
2015,7,1,0.0,16.9,-4.8,5.7,42.4,66.7,11.5
2015,7,2,0.0,15.8,-3.8,5.7,33.2,67.3,9.7
2015,7,3,1.0,15.5,-3.1,6.2,31.8,79.5,11.3
2015,7,4,6.2,5.5,-0.2,2.1,90.3,99.9,72.0
2015,7,5,0.0,10.2,-2.4,3.7,54.0,88.3,21.1
2015,7,6,0.0,11.3,-2.2,4.3,34.8,68.0,14.8
2015,7,7,0.0,12.2,-6.0,2.0,30.7,62.9,7.2
2015,7,8,0.0,12.3,-8.3,1.4,34.8,68.3,9.3
2015,7,9,0.0,13.1,-7.1,2.2,29.2,55.3,8.4
2015,7,10,0.0,14.9,-5.9,3.6,27.4,53.1,6.1
2015,7,11,0.0,15.9,-5.8,4.9,24.7,44.9,4.5
2015,7,12,0.0,16.2,-7.4,4.8,24.6,55.7,4.6
2015,7,13,0.0,15.9,-7.1,4.0,24.1,52.9,7.0
2015,7,14,0.0,14.6,-5.1,5.2,28.4,49.1,13.4
2015,7,15,0.0,13.7,-5.1,3.9,23.1,39.2,9.2
2015,7,16,0.0,14.0,-5.5,3.3,21.8,41.0,7.1
2015,7,17,0.0,15.0,-7.9,4.3,29.1,61.5,11.8
2015,7,18,0.0,14.4,-6.1,4.4,35.4,66.7,10.4
2015,7,19,0.0,15.5,-6.6,5.0,24.6,52.6,9.9
2015,7,20,0.0,17.3,-5.2,5.8,19.4,57.2,4.9
2015,7,21,0.0,16.6,-3.7,7.0,38.3,66.6,9.6
2015,7,22,0.0,17.8,-4.1,7.4,29.9,52.5,9.4
2015,7,23,0.0,18.2,-3.7,7.1,33.7,54.4,11.1
2015,7,24,0.0,17.7,-3.4,6.7,34.4,63.4,10.4
2015,7,25,0.0,15.4,-3.1,5.6,26.5,66.0,8.8
2015,7,26,0.0,16.7,-4.3,5.9,22.1,39.8,10.9
2015,7,27,0.0,17.3,-3.9,6.4,25.1,50.6,8.8
2015,7,28,0.0,17.1,-5.1,6.6,22.6,41.4,8.4
2015,7,29,0.0,17.0,-3.8,7.3,31.0,52.5,11.3
2015,7,30,0.0,16.9,-4.2,6.4,29.6,52.6,9.7
2015,7,31,0.0,16.7,-3.3,6.7,27.9,49.9,8.4
2015,8,1,0.0,17.8,-2.4,7.9,32.2,55.6,6.9
2015,8,2,0.0,17.7,-3.9,6.8,25.3,54.7,5.1
2015,8,3,0.0,18.0,-3.6,7.4,20.8,36.4,7.8
2015,8,4,0.0,17.9,-2.2,8.2,28.5,44.2,9.3
2015,8,5,0.0,16.5,-3.2,6.4,27.7,56.4,8.1
2015,8,6,0.0,16.2,-3.2,6.7,23.9,40.9,14.9
2015,8,7,0.0,15.7,-3.1,6.6,27.7,48.5,12.7
2015,8,8,0.0,17.5,-2.2,7.4,43.4,61.1,18.9
2015,8,9,0.0,14.3,-5.4,6.4,37.5,80.5,4.4
2015,8,10,0.0,13.4,-8.7,3.4,32.4,54.4,15.7
2015,8,11,1.4,13.4,1.6,7.0,54.6,93.9,29.5
2015,8,12,20.8,4.3,-0.6,0.8,93.6,99.9,72.2
2015,8,13,0.8,7.3,-2.2,2.2,80.5,96.6,50.8
2015,8,14,0.0,11.6,-0.8,5.2,61.0,87.5,33.9
2015,8,15,0.0,14.6,-4.4,4.7,53.5,82.7,15.8
2015,8,16,0.0,14.4,-1.5,6.5,62.9,89.1,31.8
2015,8,17,0.0,15.8,1.7,8.1,53.6,89.9,19.7
2015,8,18,0.0,16.0,-1.1,6.9,54.8,77.2,23.3
2015,8,19,0.0,14.7,0.7,7.6,63.3,87.6,30.4
2015,8,20,0.0,15.7,-1.3,7.3,51.1,91.6,11.9
2015,8,21,0.0,15.4,-1.0,7.7,54.0,83.5,20.9
2015,8,22,0.0,18.3,-0.6,8.6,53.2,89.1,18.1
2015,8,23,0.0,15.6,-1.4,7.6,46.5,71.9,17.8
2015,8,24,0.0,16.5,0.6,8.1,42.5,84.9,9.6
2015,8,25,0.0,16.8,-4.7,6.7,25.2,50.4,7.9
2015,8,26,0.0,16.6,-2.2,7.4,26.5,50.9,12.2
2015,8,27,0.0,14.6,-5.9,5.0,23.6,51.6,5.2
2015,8,28,0.0,16.8,-4.2,7.2,30.9,65.9,9.2
2015,8,29,0.0,17.8,-4.3,7.6,19.2,34.5,5.5
2015,8,30,0.0,18.3,-4.1,6.7,18.5,35.3,5.0
2015,8,31,0.0,15.9,-4.2,6.9,31.7,60.0,19.0
2015,9,1,0.0,14.9,0.8,8.3,52.0,77.7,24.7
2015,9,2,0.0,14.6,2.4,8.3,55.1,78.3,29.4
2015,9,3,0.8,14.9,1.9,8.0,64.7,89.3,36.4
2015,9,4,0.0,16.0,3.9,8.7,67.1,90.3,33.9
2015,9,5,0.6,12.9,3.8,7.4,73.3,93.3,47.7
2015,9,6,0.0,16.3,-0.1,8.0,52.4,94.3,18.5
2015,9,7,0.0,17.4,-2.3,6.7,31.2,67.6,5.1
2015,9,8,0.0,17.4,-6.8,5.5,17.5,41.1,4.9
2015,9,9,0.0,17.8,-6.8,5.9,13.9,31.7,4.4
2015,9,10,0.0,18.4,-7.1,5.3,14.7,31.4,3.8
2015,9,11,0.0,19.5,-5.4,6.9,17.2,49.0,4.8
2015,9,12,0.0,16.8,-3.5,6.5,18.8,36.0,5.9
2015,9,13,0.0,17.8,-3.7,7.9,23.2,48.4,6.3
2015,9,14,0.0,19.9,-4.0,8.8,30.4,53.8,8.4
2015,9,15,0.0,20.3,-2.0,9.3,26.3,51.5,8.4
2015,9,16,0.0,19.7,0.4,9.9,39.5,66.1,12.2
2015,9,17,0.0,18.6,0.9,10.3,42.0,75.7,17.9
2015,9,18,0.0,16.9,2.1,10.1,46.4,74.7,20.4
2015,9,19,0.6,15.1,3.6,9.6,58.4,88.2,31.9
2015,9,20,0.0,19.2,2.4,10.4,59.6,93.4,15.7
2015,9,21,0.0,20.3,-1.1,9.7,45.9,78.6,12.8
2015,9,22,0.0,18.9,1.2,10.2,53.2,79.9,24.5
2015,9,23,2.8,16.1,2.7,9.5,66.9,89.7,38.5
2015,9,24,0.0,18.1,4.4,10.2,54.5,91.4,17.2
2015,9,25,0.4,15.4,3.4,9.6,62.7,87.6,35.8
2015,9,26,0.0,18.3,4.1,10.8,40.2,80.4,12.1
2015,9,27,0.0,16.2,-2.3,6.8,20.3,43.7,5.8
2015,9,28,0.0,18.7,-3.4,8.8,39.6,71.3,7.2
2015,9,29,0.0,18.7,-2.7,8.7,34.9,66.1,7.1
2015,9,30,0.0,17.0,2.8,9.8,47.2,79.6,14.0
2015,10,1,0.0,15.7,-2.6,7.0,20.7,45.8,8.3
2015,10,2,4.6,17.1,1.0,8.9,37.8,82.1,10.7
2015,10,3,11.8,12.5,0.0,5.5,81.8,99.9,50.6
2015,10,4,0.0,16.9,1.8,9.0,63.7,94.1,25.1
2015,10,5,0.0,20.2,0.6,10.6,46.9,86.5,11.3
2015,10,6,0.0,19.0,2.8,11.4,47.2,80.0,18.4
2015,10,7,0.0,19.0,2.1,10.8,46.3,75.8,15.8
2015,10,8,0.0,20.0,3.3,11.1,45.6,89.8,8.1
2015,10,9,0.0,19.1,-1.2,9.4,20.5,44.0,8.3
2015,10,10,0.0,19.1,-1.7,9.2,19.9,45.0,5.6
2015,10,11,0.0,20.0,-1.0,9.2,34.4,69.7,6.7
2015,10,12,0.0,19.8,0.2,10.0,37.6,78.6,6.8
2015,10,13,0.0,20.3,-2.3,9.6,21.2,43.6,4.4
2015,10,14,0.0,20.6,-1.4,9.3,17.5,43.3,4.2
2015,10,15,0.0,20.0,-2.1,9.5,23.5,54.3,6.0
2015,10,16,0.0,16.6,5.1,10.4,50.5,66.5,28.7
2015,10,17,0.0,15.2,6.5,9.9,53.3,70.2,33.6
2015,10,18,0.0,16.1,4.4,9.7,52.5,69.7,33.2
2015,10,19,0.0,18.7,1.1,9.8,55.5,79.9,24.5
2015,10,20,8.6,17.9,4.4,9.8,55.3,94.8,26.2
2015,10,21,0.0,19.8,3.8,10.8,61.6,93.8,22.4
2015,10,22,5.6,20.0,1.8,9.6,49.1,71.7,17.3
2015,10,23,0.0,17.7,3.2,10.6,54.6,82.6,27.8
2015,10,24,3.2,16.3,5.2,9.5,61.1,91.7,33.2
2015,10,25,4.2,15.3,5.3,9.0,72.2,92.0,39.5
2015,10,26,1.0,14.2,4.0,8.0,76.8,96.3,46.2
2015,10,27,0.0,17.5,5.3,10.4,63.4,90.7,29.4
2015,10,28,1.6,17.1,4.5,9.8,65.0,89.1,34.0
2015,10,29,0.8,19.3,3.4,10.1,60.8,89.0,25.2
2015,10,30,0.0,18.1,5.9,11.0,57.8,85.2,25.3
2015,10,31,0.6,17.5,4.1,10.5,61.1,87.1,28.1
2015,11,1,0.0,19.3,3.3,10.4,48.1,91.8,12.9
2015,11,2,1.6,14.9,1.9,7.8,45.6,75.2,27.7
2015,11,3,0.0,19.0,2.4,9.5,45.5,90.0,8.9
2015,11,4,0.0,18.6,-0.8,9.2,19.4,41.7,8.0
2015,11,5,0.0,17.0,-0.4,9.1,41.7,67.8,10.1
2015,11,6,0.0,18.0,4.5,11.4,56.1,82.1,32.2
2015,11,7,4.0,15.5,6.1,10.6,62.3,76.2,39.3
2015,11,8,0.0,19.3,0.3,9.9,41.8,68.4,11.7
2015,11,9,5.6,15.1,6.3,9.8,72.0,88.5,49.9
2015,11,10,2.0,16.2,3.7,10.0,69.1,92.2,39.9
2015,11,11,4.8,17.8,3.9,10.1,69.4,95.4,36.7
2015,11,12,6.8,14.9,5.7,9.0,79.5,96.3,45.7
2015,11,13,0.0,16.4,4.6,10.0,72.5,96.3,40.0
2015,11,14,0.0,17.7,4.6,10.6,64.0,90.2,31.9
2015,11,15,8.0,13.2,5.4,8.5,73.3,92.1,52.5
2015,11,16,0.0,18.8,2.5,10.7,50.8,92.1,14.9
2015,11,17,0.0,19.9,0.4,10.5,41.2,77.8,10.5
2015,11,18,0.0,19.8,0.0,10.8,29.6,69.1,8.2
2015,11,19,0.0,19.6,-0.3,10.6,21.3,51.3,7.1
2015,11,20,0.0,21.6,-1.4,11.5,30.1,63.4,8.2
2015,11,21,0.0,23.4,5.2,13.9,46.7,83.9,8.7
2015,11,22,0.0,22.4,3.9,13.0,32.5,52.9,9.2
2015,11,23,0.0,21.5,4.1,13.3,38.4,66.8,16.4
2015,11,24,0.0,21.3,4.3,12.7,38.0,63.1,13.1
2015,11,25,0.8,19.6,4.5,11.8,48.4,67.6,25.7
2015,11,26,4.8,20.9,3.9,11.4,56.0,93.2,19.8
2015,11,27,0.0,19.8,5.2,12.4,56.5,94.6,23.3
2015,11,28,1.6,19.4,4.8,11.9,58.9,85.6,32.6
2015,11,29,0.0,17.0,6.2,11.0,64.6,92.3,40.0
2015,11,30,0.8,16.3,5.6,10.0,62.0,82.7,35.5
2015,12,1,0.2,14.6,6.2,9.7,60.7,79.8,41.9
2015,12,2,0.0,16.6,4.3,9.9,57.3,80.7,26.9
2015,12,3,0.0,20.7,1.1,11.4,46.8,84.8,8.0
2015,12,4,0.0,21.0,2.4,11.3,48.2,76.5,11.6
2015,12,5,0.0,19.9,2.3,11.3,44.7,76.5,16.8
2015,12,6,0.0,18.6,4.1,11.2,49.7,82.3,12.1
2015,12,7,0.8,19.9,3.8,12.0,51.2,78.4,21.4
2015,12,8,2.0,19.7,4.8,10.9,58.6,89.6,21.5
2015,12,9,1.8,19.2,2.3,10.5,59.6,91.3,27.3
2015,12,10,0.2,19.0,4.9,11.3,54.2,78.0,24.3
2015,12,11,6.8,20.2,3.3,11.0,62.0,86.7,24.6
2015,12,12,0.0,19.8,4.1,12.3,48.1,88.6,19.5
2015,12,13,0.0,21.3,1.4,12.4,30.3,68.8,9.8
2015,12,14,0.0,21.1,0.9,12.2,29.3,65.9,5.8
2015,12,15,0.0,17.5,2.5,9.9,50.1,70.0,23.8
2015,12,16,0.0,17.0,4.6,11.0,51.7,74.9,31.5
2015,12,17,0.0,20.7,4.3,12.5,52.7,80.2,21.1
2015,12,18,0.0,18.8,4.3,11.6,58.4,81.3,33.0
2015,12,19,0.0,18.0,7.0,12.0,57.5,80.5,32.3
2015,12,20,0.0,16.9,4.0,11.0,59.9,85.4,29.7
2015,12,21,1.2,16.5,2.8,10.1,63.0,85.6,33.0
2015,12,22,2.2,16.7,6.1,10.6,63.4,88.1,34.6
2015,12,23,0.2,19.0,5.1,11.3,50.7,87.7,18.2
2015,12,24,10.8,16.9,3.9,10.0,66.0,94.5,36.2
2015,12,25,2.0,18.2,5.5,11.1,68.9,95.7,39.2
2015,12,26,0.0,18.4,5.4,10.4,67.4,93.4,28.7
2015,12,27,6.6,15.5,7.5,9.9,71.6,86.0,44.2
2015,12,28,1.6,18.7,3.6,11.2,61.9,93.4,23.4
2015,12,29,0.0,18.6,2.4,11.0,46.3,81.8,15.9
2015,12,30,0.0,19.1,5.1,12.1,50.7,79.0,22.4
2015,12,31,0.0,17.6,7.5,11.4,52.0,77.5,28.7
2016,1,1,0.2,19.1,3.2,11.6,47.2,77.2,17.4
2016,1,2,0.0,16.5,7.2,11.2,54.5,77.3,28.3
2016,1,3,3.6,15.5,6.0,9.8,65.2,87.2,41.6
2016,1,4,0.0,20.0,2.8,11.5,59.4,93.2,19.3
2016,1,5,0.0,18.8,5.9,12.0,55.9,85.0,29.7
2016,1,6,4.0,17.9,4.5,10.2,67.6,88.7,35.7
2016,1,7,4.4,16.7,4.7,10.2,72.4,95.2,35.7
2016,1,8,0.0,17.2,6.1,11.3,66.7,95.2,38.8
2016,1,9,3.6,19.6,4.3,12.0,60.1,91.9,29.4
2016,1,10,1.6,18.3,6.0,11.5,66.8,97.1,38.2
2016,1,11,1.2,18.7,7.7,12.8,62.6,91.2,32.8
2016,1,12,6.2,16.7,6.7,9.7,82.0,94.4,48.6
2016,1,13,14.6,15.2,5.7,10.3,80.5,95.6,54.8
2016,1,14,0.0,16.5,5.8,10.8,62.5,96.9,22.4
2016,1,15,0.0,19.3,3.6,11.4,61.9,93.9,25.9
2016,1,16,2.8,19.1,6.3,12.4,61.3,82.2,36.2
2016,1,17,7.8,16.1,7.3,10.4,79.0,94.7,55.9
2016,1,18,0.0,16.9,6.1,11.3,69.9,94.7,44.7
2016,1,19,0.0,18.2,8.3,12.2,60.1,80.6,37.4
2016,1,20,0.0,19.1,5.7,12.8,45.9,82.5,18.6
2016,1,21,0.0,18.3,3.2,11.7,41.0,81.1,16.1
2016,1,22,0.0,20.6,0.5,11.9,31.4,69.4,9.8
2016,1,23,0.0,19.9,2.3,12.7,34.4,69.6,13.1
2016,1,24,0.4,22.1,4.7,13.9,45.1,75.0,18.4
2016,1,25,0.0,22.6,5.0,14.2,42.0,71.2,13.9
2016,1,26,4.8,20.8,7.1,12.7,58.2,82.2,22.3
2016,1,27,0.0,18.8,6.8,12.9,57.0,85.2,34.0
2016,1,28,4.8,19.7,5.1,12.8,57.0,82.0,29.5
2016,1,29,1.0,17.3,6.9,11.5,67.5,93.5,43.3
2016,1,30,0.0,20.8,6.1,13.2,55.1,91.9,16.3
2016,1,31,0.0,15.6,6.7,11.2,62.8,83.5,44.1
2016,2,1,0.6,15.8,7.1,11.0,60.8,79.9,43.3
2016,2,2,7.6,10.9,5.6,8.0,82.9,95.4,67.1
2016,2,3,0.0,18.1,4.2,10.8,69.1,94.8,29.8
2016,2,4,0.0,19.4,2.3,11.5,51.3,88.3,16.8
2016,2,5,2.8,17.7,5.7,11.7,63.6,89.3,36.5
2016,2,6,0.0,18.8,7.2,11.9,64.1,84.3,38.1
2016,2,7,5.8,18.7,6.6,12.0,63.0,84.4,40.1
2016,2,8,0.2,15.3,7.5,10.8,78.1,95.0,55.5
2016,2,9,7.8,15.8,7.2,11.1,76.0,94.4,46.5
2016,2,10,0.0,15.6,6.8,10.3,76.0,92.6,55.7
2016,2,11,0.0,18.6,4.8,11.5,67.7,93.7,35.2
2016,2,12,0.0,17.8,5.6,11.5,69.5,92.3,42.2
2016,2,13,0.0,19.2,4.4,11.8,67.5,93.6,39.0
2016,2,14,0.0,17.1,5.9,11.6,64.9,86.0,43.1
2016,2,15,2.8,17.1,5.1,11.1,71.3,92.1,47.7
2016,2,16,0.0,19.2,6.3,12.5,64.5,94.3,35.5
2016,2,17,0.2,20.0,7.6,12.8,66.0,91.4,38.2
2016,2,18,4.2,19.3,8.2,12.7,60.3,79.9,36.2
2016,2,19,5.2,15.3,7.2,10.6,80.0,97.5,55.6
2016,2,20,0.0,17.2,6.4,11.8,66.7,93.1,41.1
2016,2,21,0.0,20.0,7.8,12.9,60.5,82.5,32.5
2016,2,22,3.6,19.7,8.9,13.1,58.8,82.8,26.9
2016,2,23,5.8,17.8,5.7,11.6,70.1,94.1,45.3
2016,2,24,0.6,17.3,7.8,10.6,81.1,97.2,51.6
2016,2,25,7.6,16.4,7.5,10.4,82.3,96.5,49.1
2016,2,26,10.2,15.2,7.3,9.4,85.9,96.9,60.7
2016,2,27,0.0,16.2,4.1,10.6,72.7,92.7,52.0
2016,2,28,0.2,17.8,7.0,11.3,71.6,94.1,41.0
2016,2,29,0.0,18.7,5.5,11.9,68.5,95.0,40.4
2016,3,1,0.0,20.3,5.6,12.5,59.3,93.0,27.2
2016,3,2,0.4,18.5,5.1,11.4,62.1,85.2,36.8
2016,3,3,0.0,21.7,3.3,12.5,58.6,91.2,20.4
2016,3,4,0.0,21.2,5.3,13.6,48.5,86.1,11.2
2016,3,5,0.0,21.0,3.0,12.3,52.5,85.4,13.0
2016,3,6,0.0,20.3,4.8,12.1,58.0,86.5,21.0
2016,3,7,0.0,18.7,5.2,11.8,60.0,82.5,32.5
2016,3,8,0.2,20.5,3.7,11.8,62.4,87.4,27.5
2016,3,9,3.4,22.0,4.5,11.8,63.8,91.9,22.6
2016,3,10,4.0,18.6,5.9,10.5,73.6,90.7,33.7
2016,3,11,0.0,20.1,3.7,11.5,65.3,95.8,24.4
2016,3,12,0.0,18.7,7.6,12.6,55.3,80.9,28.9
2016,3,13,2.2,18.5,7.6,11.6,58.7,76.1,33.6
2016,3,14,0.0,18.8,3.0,11.3,59.5,90.8,26.9
2016,3,15,0.0,19.3,4.6,11.9,54.9,87.2,24.8
2016,3,16,0.0,18.1,3.7,11.5,47.1,77.9,20.5
2016,3,17,0.0,19.5,1.5,11.2,47.0,82.6,15.7
2016,3,18,0.0,21.3,1.6,11.9,39.3,82.4,10.3
2016,3,19,0.0,18.1,7.1,12.4,47.7,69.4,30.1
2016,3,20,0.0,21.2,5.3,12.8,51.3,77.8,20.2
2016,3,21,0.0,22.4,4.9,13.6,50.4,82.3,18.5
2016,3,22,1.0,20.1,7.7,13.2,55.2,76.3,29.5
2016,3,23,0.0,22.0,4.3,13.0,57.2,87.7,24.3
2016,3,24,0.0,22.1,4.7,13.1,45.4,82.2,8.0
2016,3,25,0.0,21.1,4.4,12.3,58.0,86.2,19.2
2016,3,26,0.0,21.8,3.0,12.4,50.9,89.1,10.3
2016,3,27,0.0,21.1,2.4,12.1,36.4,72.9,9.0
2016,3,28,0.0,22.1,2.5,12.5,31.0,55.6,10.0
2016,3,29,0.0,19.9,1.6,11.5,37.2,65.5,14.4
2016,3,30,0.0,19.6,5.7,12.0,50.0,76.7,17.6
2016,3,31,0.0,19.8,4.8,11.5,50.5,75.2,21.5
2016,4,1,0.0,20.3,5.0,12.1,50.5,76.6,20.1
2016,4,2,0.0,20.3,3.2,11.6,54.1,81.0,25.2
2016,4,3,2.2,19.2,4.4,10.9,65.1,86.4,31.5
2016,4,4,0.0,19.4,6.0,11.9,61.9,91.7,28.6
2016,4,5,0.0,20.4,4.3,11.6,56.9,84.2,24.0
2016,4,6,7.4,17.9,6.2,10.8,63.2,88.8,37.2
2016,4,7,0.2,15.5,2.6,8.9,73.6,95.7,40.7
2016,4,8,0.2,15.6,5.1,9.9,69.8,92.7,42.1
2016,4,9,0.2,16.2,4.7,9.3,71.1,91.7,40.5
2016,4,10,0.0,19.7,3.3,11.0,58.1,90.7,16.9
2016,4,11,0.0,18.0,3.7,10.8,54.5,84.8,19.8
2016,4,12,0.0,15.3,5.2,10.4,62.2,82.4,41.4
2016,4,13,0.0,18.6,0.2,9.3,44.8,86.6,9.3
2016,4,14,0.0,20.1,-0.9,10.5,38.0,69.9,12.3
2016,4,15,0.0,18.4,4.9,11.7,49.6,69.5,24.2
2016,4,16,0.6,19.0,2.6,10.7,60.0,82.8,33.7
2016,4,17,0.0,17.9,4.6,11.1,65.3,93.4,37.6
2016,4,18,2.2,17.4,5.9,10.8,64.8,91.5,36.1
2016,4,19,0.0,14.5,6.5,9.1,76.8,95.0,46.5
2016,4,20,0.0,16.3,4.1,9.7,61.3,86.7,26.9
2016,4,21,0.2,17.8,2.7,9.3,58.7,84.0,27.6
2016,4,22,0.0,17.5,4.1,9.8,58.0,83.9,29.3
2016,4,23,0.0,17.1,-1.4,7.8,34.5,73.2,10.8
2016,4,24,0.0,16.8,-2.8,7.6,28.1,53.2,10.0
2016,4,25,0.0,17.5,-4.0,7.1,29.3,55.9,10.9
2016,4,26,0.0,18.5,-3.1,8.3,26.2,48.7,8.7
2016,4,27,0.0,17.3,-0.9,7.8,33.4,85.7,11.0
2016,4,28,0.0,18.1,-2.2,8.2,26.4,49.8,11.9
2016,4,29,0.0,18.6,-1.1,9.7,25.6,42.6,13.9
2016,4,30,0.0,19.8,-0.3,11.4,27.8,54.8,11.7
2016,5,1,0.0,19.2,0.4,10.0,26.0,46.0,11.5
2016,5,2,0.0,19.1,0.1,10.1,26.0,51.8,11.0
2016,5,3,0.0,18.9,-1.3,9.5,21.6,35.4,11.0
2016,5,4,0.0,18.3,-1.0,9.0,29.0,53.3,16.3
2016,5,5,0.0,16.9,-1.1,8.7,43.1,74.0,14.5
2016,5,6,0.0,17.0,-1.4,7.9,36.2,61.5,11.0
2016,5,7,0.0,17.5,-1.9,7.9,33.5,54.6,15.3
2016,5,8,0.0,16.9,-2.7,7.1,33.2,59.0,9.4
2016,5,9,0.0,17.1,-4.0,6.8,29.1,54.5,11.3
2016,5,10,0.0,17.1,-4.0,6.7,33.4,61.8,13.7
2016,5,11,0.0,17.2,-1.7,7.4,33.8,62.7,11.9
2016,5,12,0.0,18.3,-3.3,7.6,31.0,55.1,8.5
2016,5,13,0.0,17.3,-0.3,9.0,51.8,82.4,26.1
2016,5,14,0.0,17.6,0.1,8.8,43.7,73.7,17.0
2016,5,15,0.0,17.6,-1.1,8.2,36.1,60.5,7.1
2016,5,16,0.0,19.2,-2.8,8.1,38.9,63.8,11.8
2016,5,17,0.0,18.0,-2.7,6.7,21.5,40.4,7.8
2016,5,18,0.0,16.5,-5.2,5.6,17.8,38.1,6.3
2016,5,19,0.0,16.1,-5.6,5.4,17.7,37.8,6.4
2016,5,20,0.0,17.5,-6.3,5.8,16.6,37.2,5.7
2016,5,21,0.0,17.6,-4.9,6.4,16.2,30.4,7.0
2016,5,22,0.0,17.4,-4.8,7.0,25.0,47.9,7.5
2016,5,23,0.0,18.5,-1.7,8.3,37.2,63.6,11.0
2016,5,24,0.0,17.9,-3.4,7.5,27.5,52.0,7.9
2016,5,25,0.0,16.4,-2.2,6.0,27.5,51.0,10.4
2016,5,26,0.0,14.0,-4.6,5.0,29.0,70.4,9.4
2016,5,27,0.0,15.5,-3.7,5.9,49.9,85.3,10.3
2016,5,28,0.0,15.8,-4.9,5.3,33.8,77.3,8.4
2016,5,29,0.0,15.0,-5.5,5.2,21.8,38.4,8.9
2016,5,30,0.0,14.7,-5.5,4.4,21.6,39.3,8.5
2016,5,31,0.0,16.3,-7.7,4.0,18.3,36.3,6.0
2016,6,1,0.0,14.9,-6.7,4.1,14.9,29.4,5.8
2016,6,2,0.0,16.2,-6.2,4.0,13.4,21.9,5.3
2016,6,3,0.0,15.3,-6.9,3.8,14.7,25.2,5.9
2016,6,4,0.0,15.6,-7.5,3.5,12.7,22.6,4.9
2016,6,5,0.0,17.3,-6.4,5.5,14.9,26.7,7.8
2016,6,6,0.0,15.7,-3.6,5.4,19.9,32.9,11.0
2016,6,7,0.0,16.0,-4.9,5.0,26.1,45.3,8.5
2016,6,8,0.0,15.1,-6.5,3.7,22.3,43.2,5.9
2016,6,9,0.0,14.5,-6.4,3.9,15.9,29.5,7.0
2016,6,10,0.0,14.8,-3.0,5.1,16.1,39.9,8.4
2016,6,11,0.0,14.9,-4.2,5.2,29.2,44.4,15.3
2016,6,12,0.0,17.0,-2.6,7.5,28.8,42.9,15.8
2016,6,13,0.0,16.6,-2.2,8.3,34.0,55.9,20.1
2016,6,14,0.0,15.9,-1.0,7.1,36.8,56.1,16.7
2016,6,15,0.0,16.7,-2.8,7.1,39.4,67.6,11.5
2016,6,16,0.0,16.7,-1.2,7.1,39.7,60.7,12.0
2016,6,17,0.0,15.7,-3.7,5.6,33.2,74.1,7.1
2016,6,18,0.0,15.3,-6.9,4.2,26.7,58.1,4.5
2016,6,19,0.0,15.0,-6.3,4.6,31.7,56.9,8.5
2016,6,20,0.0,14.7,-3.8,4.7,23.6,47.8,5.8
2016,6,21,0.0,13.3,-8.0,2.4,20.7,40.4,6.5
2016,6,22,0.0,13.4,-6.8,2.8,19.3,40.9,6.3
2016,6,23,0.0,15.9,-7.6,4.6,17.9,37.2,5.2
2016,6,24,0.0,15.8,-5.1,5.9,31.7,50.8,8.1
2016,6,25,0.0,13.3,1.2,6.8,41.6,71.4,18.7
2016,6,26,0.0,13.9,-0.1,6.3,56.1,77.4,19.4
2016,6,27,0.0,15.0,-3.2,6.1,58.8,89.5,20.3
2016,6,28,0.0,8.7,-0.1,3.9,62.2,94.9,47.7
2016,6,29,3.2,10.5,-3.4,1.8,79.8,99.9,33.0
2016,6,30,0.0,13.5,-4.7,4.5,51.7,83.2,19.5
2016,7,1,0.0,15.9,-3.7,6.6,50.2,85.1,17.3
2016,7,2,0.2,14.6,-1.4,6.7,52.9,88.8,19.3
2016,7,3,0.0,14.3,-2.2,6.2,51.2,89.2,22.8
2016,7,4,0.0,13.7,-2.5,5.3,40.2,73.5,15.9
2016,7,5,0.0,15.3,-2.8,6.5,29.9,68.9,5.8
2016,7,6,0.0,15.9,-7.0,4.4,28.4,63.6,9.0
2016,7,7,0.4,12.9,-3.5,4.9,55.1,93.7,18.6
2016,7,8,0.0,14.5,-0.6,6.0,65.8,98.7,29.4
2016,7,9,0.0,14.5,-4.3,4.7,48.6,83.0,10.2
2016,7,10,0.0,15.4,-4.1,5.2,36.4,68.7,9.2
2016,7,11,0.0,15.1,-6.2,4.2,28.4,53.6,8.7
2016,7,12,0.0,17.1,-5.9,5.6,25.6,48.0,5.3
2016,7,13,0.0,16.5,-6.2,5.3,24.1,46.9,10.9
2016,7,14,0.0,16.6,-4.4,5.6,18.9,38.5,7.7
2016,7,15,0.0,16.7,-4.0,5.5,16.7,36.1,8.6
2016,7,16,0.0,15.7,-6.8,4.8,25.1,64.0,8.1
2016,7,17,0.0,16.2,-3.1,6.7,45.7,88.6,14.6
2016,7,18,0.0,16.7,-4.1,6.7,26.8,54.6,13.7
2016,7,19,0.0,16.4,-2.3,7.0,29.4,51.5,16.5
2016,7,20,0.0,15.3,-3.7,5.7,27.1,43.3,15.0
2016,7,21,0.0,15.2,-3.9,6.0,25.6,46.9,12.6
2016,7,22,0.0,15.6,-4.4,6.0,24.4,42.1,11.2
2016,7,23,0.0,16.1,-4.6,5.1,23.1,44.2,8.6
2016,7,24,0.0,17.7,-5.4,6.6,21.6,34.0,11.4
2016,7,25,0.0,16.0,-4.2,5.7,22.1,43.8,9.3
2016,7,26,0.0,17.0,-6.9,5.3,14.5,40.5,2.8
2016,7,27,0.0,17.5,-5.0,6.1,36.8,72.9,6.7
2016,7,28,0.0,17.7,-3.8,7.4,30.0,57.3,7.5
2016,7,29,0.0,18.5,-3.5,8.2,19.5,33.8,9.2
2016,7,30,0.0,17.4,-3.4,7.7,12.6,30.0,4.1
2016,7,31,0.0,18.0,-6.8,6.2,10.2,17.0,4.9
2016,8,1,0.0,17.1,-5.1,6.6,14.8,27.1,6.0
2016,8,2,0.0,17.1,-4.7,6.9,16.5,27.8,7.6
2016,8,3,0.0,17.9,-3.4,7.4,25.5,45.9,6.6
2016,8,4,0.0,17.4,-3.9,7.4,25.1,48.4,6.9
2016,8,5,0.0,18.6,-3.6,8.1,22.2,38.2,7.6
2016,8,6,0.0,17.9,-3.3,8.6,25.6,57.9,11.4
2016,8,7,0.0,15.9,3.4,9.0,52.1,76.1,30.4
2016,8,8,0.0,17.3,-2.9,7.2,45.1,86.8,4.4
2016,8,9,0.0,15.3,-1.5,6.4,54.2,81.6,22.1
2016,8,10,0.0,15.6,0.4,7.3,54.9,82.3,15.2
2016,8,11,0.0,14.6,-4.5,5.8,46.7,83.6,11.6
2016,8,12,0.0,15.5,-4.1,6.6,45.4,83.5,7.9
2016,8,13,0.0,17.0,-3.2,7.4,49.3,84.0,10.8
2016,8,14,0.0,16.4,-3.4,6.9,41.2,80.6,7.2
2016,8,15,0.0,15.9,-6.4,5.0,16.4,55.1,4.4
2016,8,16,0.0,17.0,-6.8,6.0,17.4,38.6,3.8
2016,8,17,0.0,18.6,-3.6,8.0,34.3,60.8,5.5
2016,8,18,0.0,17.4,-2.4,8.7,39.5,73.0,8.7
2016,8,19,0.0,16.0,-2.5,7.4,19.2,36.3,7.9
2016,8,20,0.0,14.3,-6.1,4.3,12.4,35.7,3.9
2016,8,21,0.0,16.8,-2.9,7.9,37.3,76.7,8.8
2016,8,22,0.0,16.4,-2.4,8.5,18.2,40.5,4.2
2016,8,23,0.0,18.8,-2.2,8.3,20.7,36.7,9.9
2016,8,24,0.0,17.2,0.1,8.9,25.9,39.8,14.6
2016,8,25,0.0,17.3,-2.8,7.9,32.2,64.9,10.2
2016,8,26,0.0,17.7,0.2,9.1,46.6,83.4,8.9
2016,8,27,18.0,16.5,-1.7,6.6,52.4,98.9,22.3
2016,8,28,0.0,14.8,0.7,6.4,52.1,93.7,13.0
2016,8,29,0.0,15.1,-3.3,4.9,18.6,36.3,5.9
2016,8,30,0.0,12.2,-5.6,3.6,14.8,34.1,5.3
2016,8,31,0.0,16.3,-6.8,5.7,20.7,38.4,6.6
2016,9,1,0.0,17.6,-1.9,8.1,24.8,52.0,11.7
2016,9,2,0.0,12.5,0.0,5.6,47.8,75.2,22.2
2016,9,3,0.0,15.3,-4.1,6.0,45.1,90.6,8.9
2016,9,4,0.0,16.0,-4.8,5.8,39.1,70.6,10.6
2016,9,5,0.0,15.1,-3.7,6.5,29.4,61.3,6.4
2016,9,6,0.0,17.4,-4.3,7.0,34.1,56.9,9.3
2016,9,7,0.0,17.9,-2.9,7.6,31.5,70.3,4.5
2016,9,8,0.0,16.6,-5.2,6.5,20.5,57.6,5.3
2016,9,9,0.0,19.5,-1.9,9.1,43.0,71.9,10.1
2016,9,10,0.0,19.3,0.0,10.3,42.8,79.4,10.1
2016,9,11,0.0,20.6,-2.4,10.1,34.3,59.4,8.5
2016,9,12,0.0,22.1,0.0,11.0,29.6,62.2,5.5
2016,9,13,0.0,22.7,-1.2,11.2,28.8,60.8,6.6
2016,9,14,0.0,21.5,3.2,12.5,37.5,68.9,8.0
2016,9,15,0.0,20.8,0.4,11.0,37.7,71.7,6.4
2016,9,16,0.0,20.0,2.1,10.7,35.0,59.3,5.8
2016,9,17,0.0,19.6,0.4,10.1,40.4,68.2,9.2
2016,9,18,0.0,19.0,-0.6,9.3,38.8,61.7,7.1
2016,9,19,3.8,15.3,3.2,8.5,57.1,92.8,26.7
2016,9,20,1.4,14.3,2.7,8.2,64.7,90.6,32.6
2016,9,21,0.2,16.0,2.8,8.6,61.5,90.9,24.9
2016,9,22,0.0,16.2,0.3,8.8,54.2,83.3,26.4
2016,9,23,0.6,16.7,2.4,9.4,57.0,82.8,26.8
2016,9,24,2.8,14.6,4.5,9.2,61.7,78.6,40.9
2016,9,25,0.0,18.4,-0.3,9.3,53.3,90.2,7.0
2016,9,26,0.0,18.8,0.2,9.7,46.7,83.2,15.6
2016,9,27,0.0,19.0,0.3,10.2,35.0,58.1,10.7
2016,9,28,0.0,19.3,1.4,10.5,40.8,66.4,13.3
2016,9,29,0.0,19.0,1.9,11.4,45.3,77.0,16.7
2016,9,30,0.0,19.4,3.3,11.5,46.1,78.5,9.0
2016,10,1,0.0,17.2,5.0,10.4,53.6,74.1,27.6
2016,10,2,0.0,18.7,5.1,10.4,60.2,93.3,20.8
2016,10,3,0.4,15.6,4.0,10.5,56.8,80.4,35.4
2016,10,4,0.0,17.5,2.9,10.7,32.1,72.9,4.5
2016,10,5,0.0,18.5,-3.1,8.6,18.2,62.8,3.1
2016,10,6,0.0,18.3,-0.1,9.3,36.7,83.7,3.8
2016,10,7,0.0,17.8,-3.6,7.9,16.6,36.1,4.6
2016,10,8,0.0,16.5,-2.1,8.2,38.8,59.8,20.6
2016,10,9,6.0,15.3,3.0,8.9,57.8,93.6,29.3
2016,10,10,0.0,14.0,2.0,7.5,69.6,91.3,42.5
2016,10,11,0.0,14.5,1.5,8.1,61.5,92.0,29.2
2016,10,12,0.0,19.6,1.0,10.3,33.6,76.7,5.4
2016,10,13,0.0,19.7,-2.2,9.4,24.9,68.2,5.1
2016,10,14,0.0,19.2,2.2,10.7,50.5,84.5,19.5
2016,10,15,0.2,20.4,1.4,11.2,38.4,68.9,14.8
2016,10,16,0.0,19.9,0.5,10.1,36.8,65.9,11.6
2016,10,17,1.0,17.1,4.9,9.3,61.6,88.1,31.1
2016,10,18,0.0,18.5,3.8,10.8,42.5,84.6,14.1
2016,10,19,0.0,19.7,-1.0,8.9,29.9,56.9,11.7
2016,10,20,7.0,15.5,3.9,9.1,60.7,95.0,33.8
2016,10,21,4.0,17.0,4.5,9.1,69.8,89.8,37.7
2016,10,22,0.0,17.3,2.5,9.8,52.9,95.0,20.0
2016,10,23,0.0,19.5,0.8,9.8,38.4,61.1,19.2
2016,10,24,0.0,17.8,4.8,11.0,53.3,78.5,25.0
2016,10,25,1.4,19.4,3.3,11.5,45.0,84.3,13.2
2016,10,26,0.0,18.4,2.7,10.5,45.4,83.1,5.9
2016,10,27,0.0,15.9,5.5,10.0,48.3,71.0,27.7
2016,10,28,0.0,17.2,3.3,10.0,48.0,77.9,24.5
2016,10,29,13.2,17.8,3.7,9.4,61.3,96.5,27.0
2016,10,30,0.0,16.5,4.2,9.8,64.2,96.7,29.3
2016,10,31,0.0,17.7,-0.3,9.6,37.8,72.7,12.3
2016,11,1,0.0,18.6,1.3,10.5,33.2,76.7,9.7
2016,11,2,0.0,20.0,-0.6,9.6,31.0,59.8,6.6
2016,11,3,0.0,19.3,-0.6,9.4,29.4,55.0,9.4
2016,11,4,0.0,18.6,-0.6,10.3,28.2,59.8,9.2
2016,11,5,0.0,18.8,0.6,10.6,36.6,62.7,11.3
2016,11,6,0.0,20.8,0.9,11.6,32.6,53.4,13.2
2016,11,7,0.0,20.4,3.1,11.4,41.4,63.4,16.1
2016,11,8,0.0,16.6,4.2,10.4,53.6,74.0,28.7
2016,11,9,0.0,20.4,2.5,11.7,45.6,82.4,14.4
2016,11,10,3.8,17.0,5.4,10.8,56.1,93.4,31.4
2016,11,11,0.0,17.4,3.5,10.6,50.7,91.5,17.8
2016,11,12,0.0,18.3,1.8,10.5,39.1,78.5,8.7
2016,11,13,0.0,18.1,-1.6,9.3,20.3,50.0,5.7
2016,11,14,0.0,18.2,-1.7,9.5,18.9,46.3,5.7
2016,11,15,0.0,19.9,-1.4,10.0,14.4,29.9,4.6
2016,11,16,0.0,17.7,-3.4,8.7,15.5,35.7,5.4
2016,11,17,0.0,19.8,-0.1,10.7,25.4,63.9,6.9
2016,11,18,0.0,19.8,5.0,11.6,51.5,74.3,21.4
2016,11,19,0.0,21.2,1.6,11.8,43.7,82.9,13.1
2016,11,20,0.0,19.1,1.0,11.1,19.3,48.4,8.6
2016,11,21,0.4,16.8,0.7,9.1,35.9,62.8,14.3
2016,11,22,0.0,19.5,2.8,10.7,52.9,82.9,14.9
2016,11,23,0.0,20.2,1.3,11.6,26.4,65.0,4.5
2016,11,24,0.0,20.5,0.2,10.6,27.0,61.9,9.5
2016,11,25,0.0,18.7,5.1,11.3,48.1,68.7,21.6
2016,11,26,0.0,15.9,4.7,10.6,53.7,73.6,29.0
2016,11,27,0.8,18.8,6.3,11.2,55.9,86.7,22.2
2016,11,28,0.8,18.2,6.6,10.5,63.7,89.1,26.6
2016,11,29,0.0,16.0,5.5,10.5,62.6,86.6,38.2
2016,11,30,4.6,15.3,5.3,9.3,64.9,82.2,32.8
2016,12,1,3.0,16.4,3.9,9.7,67.2,94.2,35.3
2016,12,2,0.0,18.9,3.5,10.9,60.9,92.5,13.8
2016,12,3,6.4,16.6,4.0,9.4,68.3,86.6,39.1
2016,12,4,0.4,16.6,4.3,10.6,60.2,83.1,32.0
2016,12,5,0.0,17.9,5.5,11.3,59.1,89.8,29.6
2016,12,6,0.4,18.8,4.1,11.7,57.4,86.7,31.2
2016,12,7,0.6,19.4,4.7,11.8,55.7,92.4,26.3
2016,12,8,2.4,15.4,5.3,9.7,70.6,88.8,41.8
2016,12,9,0.0,20.4,4.6,12.0,45.5,94.0,13.0
2016,12,10,0.0,18.9,3.3,10.8,26.6,55.0,9.3
2016,12,11,0.6,19.5,0.3,10.5,32.8,63.1,13.4
2016,12,12,0.0,19.1,5.5,11.8,51.6,90.3,22.0
2016,12,13,0.0,21.2,1.6,11.8,30.3,61.1,11.6
2016,12,14,0.0,16.3,5.9,10.9,55.8,70.9,35.8
2016,12,15,0.0,18.3,6.0,11.9,42.4,69.5,19.0
2016,12,16,0.0,20.0,3.3,12.7,41.5,71.9,18.3
2016,12,17,0.0,22.6,3.5,13.7,35.9,60.0,14.5
2016,12,18,0.0,22.4,4.2,14.0,42.3,67.1,16.3
2016,12,19,0.6,22.4,5.6,12.9,51.1,74.2,16.8
2016,12,20,0.0,19.3,4.7,11.4,53.9,83.7,25.3
2016,12,21,0.0,21.0,2.8,12.2,45.8,82.4,16.2
2016,12,22,0.0,20.0,2.7,12.4,42.8,77.2,20.2
2016,12,23,0.0,21.1,4.4,13.2,37.8,72.9,9.9
2016,12,24,3.6,20.0,5.1,12.6,50.5,79.9,19.7
2016,12,25,0.0,20.0,6.3,12.5,56.6,84.7,24.1
2016,12,26,0.0,16.8,7.3,11.9,51.7,72.1,32.9
2016,12,27,6.0,18.7,4.5,11.1,57.7,95.1,25.3
2016,12,28,0.0,15.0,6.7,10.0,69.9,89.7,49.6
2016,12,29,8.6,16.9,6.8,10.6,66.4,88.2,38.8
2016,12,30,3.4,14.9,5.7,9.7,77.4,96.2,46.7
2016,12,31,0.6,15.4,5.9,9.6,77.8,95.2,51.2
2017,1,1,2.6,16.5,4.5,10.2,73.0,96.5,48.4
2017,1,2,0.0,16.6,5.4,10.7,59.8,87.9,25.9
2017,1,3,0.0,18.0,7.5,12.4,53.0,79.5,30.4
2017,1,4,1.0,16.2,7.2,10.8,68.4,84.1,42.5
2017,1,5,0.0,17.8,6.4,11.2,63.9,88.6,36.6
2017,1,6,31.2,14.6,5.1,8.9,80.6,97.7,47.6
2017,1,7,6.0,13.1,6.0,8.8,85.3,98.1,61.5
2017,1,8,11.4,11.3,6.4,8.3,91.6,97.8,76.6
2017,1,9,3.6,15.8,6.1,9.6,80.9,99.4,53.7
2017,1,10,9.2,15.3,5.7,10.2,75.0,94.6,52.9
2017,1,11,0.0,14.8,6.8,10.3,70.2,91.5,52.7
2017,1,12,1.4,16.2,7.5,11.0,66.3,90.7,45.1
2017,1,13,2.4,17.1,6.6,11.1,71.1,97.5,42.8
2017,1,14,0.0,15.9,6.1,10.8,62.9,91.7,23.0
2017,1,15,9.4,18.2,5.6,11.7,61.3,90.4,28.4
2017,1,16,0.2,15.1,3.7,9.8,72.4,98.3,49.7
2017,1,17,1.6,15.6,6.0,10.8,64.4,85.0,44.6
2017,1,18,0.0,17.8,5.7,12.0,57.9,87.4,29.6
2017,1,19,0.0,17.3,7.8,11.7,52.8,76.4,25.2
2017,1,20,0.0,16.1,5.1,10.7,43.6,64.4,25.2
2017,1,21,0.0,15.8,5.1,10.6,47.5,70.0,28.8
2017,1,22,1.0,17.6,4.0,11.3,49.1,76.9,26.6
2017,1,23,5.2,14.2,6.4,9.3,74.0,92.0,52.0
2017,1,24,0.8,13.6,6.8,8.9,75.9,93.3,53.7
2017,1,25,7.6,13.3,6.0,8.6,73.6,96.6,52.1
2017,1,26,0.0,13.2,5.8,8.8,71.5,96.2,46.4
2017,1,27,0.0,14.6,4.0,9.5,59.0,86.2,35.3
2017,1,28,0.0,16.8,4.2,10.3,55.9,85.9,30.5
2017,1,29,0.0,17.3,0.9,10.0,46.7,81.8,24.0
2017,1,30,0.0,19.2,2.8,11.6,47.3,80.0,18.9
2017,1,31,0.0,19.8,5.0,12.3,52.4,79.8,18.3
2017,2,1,0.0,20.0,4.3,12.0,51.9,83.3,18.6
2017,2,2,0.0,19.5,3.4,11.2,54.6,81.1,23.8
2017,2,3,0.4,21.4,5.4,12.5,54.4,79.8,25.9
2017,2,4,0.0,21.0,4.9,13.4,48.4,83.5,15.8
2017,2,5,0.0,19.7,7.4,12.8,53.1,71.7,28.4
2017,2,6,0.0,18.2,5.3,11.3,63.2,87.8,30.8
2017,2,7,0.0,21.6,5.1,13.4,54.3,84.8,22.3
2017,2,8,0.0,21.7,5.7,13.2,49.8,81.3,22.4
2017,2,9,0.0,21.7,5.7,14.0,51.8,84.5,16.8
2017,2,10,1.0,21.1,7.0,13.4,57.1,81.0,24.5
2017,2,11,0.0,19.7,7.8,13.3,40.8,74.9,13.2
2017,2,12,0.8,18.6,6.1,11.4,62.2,79.6,32.0
2017,2,13,0.0,18.0,5.2,11.3,58.8,83.0,35.2
2017,2,14,0.0,20.3,3.9,11.9,52.4,80.9,23.8
2017,2,15,0.0,19.3,3.6,11.2,48.2,80.9,19.3
2017,2,16,0.0,18.7,5.7,11.2,60.9,81.0,35.3
2017,2,17,2.0,18.0,6.0,10.7,67.3,94.3,39.8
2017,2,18,0.0,15.8,5.7,10.0,73.7,96.1,47.3
2017,2,19,0.2,16.7,7.2,10.4,68.0,85.2,41.8
2017,2,20,0.4,17.0,7.2,11.1,64.8,89.0,36.2
2017,2,21,0.0,15.6,6.9,10.4,61.9,83.2,39.0
2017,2,22,0.0,14.2,4.6,9.4,58.3,77.3,40.1
2017,2,23,0.8,15.7,6.1,10.2,58.2,72.0,37.7
2017,2,24,5.2,15.0,6.4,9.8,67.8,86.5,44.7
2017,2,25,0.8,13.0,6.1,8.9,78.6,95.8,57.1
2017,2,26,0.0,15.3,5.2,9.2,75.0,96.5,45.4
2017,2,27,8.0,17.3,5.2,9.7,75.8,95.7,40.4
2017,2,28,1.4,12.0,6.3,8.0,88.7,96.5,72.3
2017,3,1,2.4,12.6,6.9,8.8,84.8,97.8,65.7
2017,3,2,1.2,13.3,6.5,9.4,82.1,97.2,60.0
2017,3,3,0.4,13.4,6.0,9.3,82.2,93.4,62.8
2017,3,4,0.0,16.3,6.4,10.9,72.4,92.0,49.9
2017,3,5,1.2,14.3,6.4,9.6,74.5,90.0,52.7
2017,3,6,2.2,14.3,5.9,9.6,75.3,94.1,53.0
2017,3,7,0.4,16.8,5.3,11.1,64.3,87.0,40.1
2017,3,8,5.8,17.8,6.5,10.4,72.2,92.2,38.6
2017,3,9,0.2,17.2,4.3,10.5,72.3,90.9,46.0
2017,3,10,0.0,18.7,4.9,10.5,66.7,91.5,32.8
2017,3,11,0.0,17.9,5.1,10.8,62.6,93.4,28.9
2017,3,12,0.0,19.2,3.9,10.9,61.3,89.4,25.8
2017,3,13,0.0,17.6,5.2,10.8,60.3,83.2,32.9
2017,3,14,0.0,17.0,3.5,10.4,61.6,89.7,34.4
2017,3,15,0.2,17.3,5.1,9.9,69.1,88.2,40.1
2017,3,16,7.8,13.5,3.8,8.5,77.1,92.1,53.9
2017,3,17,0.0,14.3,5.6,9.0,76.9,96.9,52.0
2017,3,18,0.0,16.3,1.3,8.8,68.0,94.6,37.1
2017,3,19,0.0,18.1,2.2,10.5,57.4,90.4,23.1
2017,3,20,0.0,18.0,2.7,10.7,55.0,85.3,30.4
2017,3,21,0.0,16.7,5.2,10.7,54.4,76.8,28.7
2017,3,22,0.6,16.8,4.7,10.0,64.3,83.2,41.0
2017,3,23,2.4,15.1,6.1,9.9,74.8,96.2,48.7
2017,3,24,0.4,15.0,5.1,8.5,83.8,96.9,52.7
2017,3,25,0.0,15.2,6.4,10.3,71.1,93.6,51.7
2017,3,26,4.0,15.4,6.2,9.4,75.5,91.0,48.2
2017,3,27,4.2,14.9,4.6,9.4,75.1,93.0,50.8
2017,3,28,0.2,16.1,4.9,9.8,70.7,91.1,43.5
2017,3,29,0.0,15.1,6.2,10.0,69.3,85.0,49.9
2017,3,30,0.0,15.4,4.5,10.1,71.7,95.1,44.3
2017,3,31,4.4,16.6,6.6,10.3,77.6,97.1,43.0
2017,4,1,0.0,14.9,4.9,9.1,82.8,98.4,52.3
2017,4,2,0.0,15.9,6.0,10.5,75.8,96.6,51.3
2017,4,3,0.4,17.2,3.9,9.6,72.6,93.2,42.6
2017,4,4,0.0,16.2,2.9,9.8,51.7,92.3,27.0
2017,4,5,0.0,18.5,0.0,9.5,43.4,80.6,11.8
2017,4,6,0.0,18.3,2.1,10.9,56.0,87.6,27.9
2017,4,7,0.0,19.3,3.6,11.3,55.7,85.7,23.1
2017,4,8,0.0,17.3,2.3,9.4,52.0,79.4,24.0
2017,4,9,0.0,16.4,3.0,9.7,65.9,86.5,43.0
2017,4,10,0.0,15.7,3.5,9.6,63.9,91.2,41.2
2017,4,11,0.0,15.9,3.5,9.4,65.4,86.2,40.0
2017,4,12,0.0,16.1,6.1,10.4,58.6,80.3,33.5
2017,4,13,0.0,18.2,1.7,10.1,55.7,87.3,24.3
2017,4,14,0.0,18.8,3.4,10.6,47.0,74.4,19.7
2017,4,15,0.0,18.0,4.7,10.6,47.3,75.2,23.0
2017,4,16,0.0,16.6,4.0,10.6,45.7,66.8,30.3
2017,4,17,0.0,14.9,4.4,9.4,61.2,76.2,39.6
2017,4,18,0.0,15.9,1.9,8.8,63.4,86.9,36.2
2017,4,19,0.0,17.9,0.9,8.7,47.3,91.6,14.7
2017,4,20,0.0,16.2,-3.2,6.2,34.4,60.8,13.6
2017,4,21,0.0,18.7,-1.0,9.3,35.6,56.3,15.8
2017,4,22,0.0,18.6,1.4,10.3,51.7,80.4,22.1
2017,4,23,0.0,18.1,3.2,10.6,53.6,81.7,23.1
2017,4,24,6.0,17.3,2.0,9.3,62.6,87.8,30.0
2017,4,25,0.0,16.7,2.7,9.5,50.9,92.9,13.9
2017,4,26,0.0,16.3,-2.5,7.7,44.3,62.7,19.7
2017,4,27,0.0,16.9,2.0,9.4,46.4,74.6,20.4
2017,4,28,0.0,17.6,-0.3,8.4,39.1,69.3,19.4
2017,4,29,17.2,12.8,3.3,6.9,77.2,96.9,45.0
2017,4,30,0.8,14.0,2.9,7.2,75.2,95.3,41.2
2017,5,1,0.0,15.6,0.4,7.3,69.5,96.3,25.8
2017,5,2,0.0,16.3,-0.3,7.5,56.4,95.3,13.1
2017,5,3,0.0,16.9,-1.4,8.1,39.5,67.7,14.8
2017,5,4,0.0,17.8,1.7,9.6,48.2,83.0,19.6
2017,5,5,0.0,16.7,-1.5,8.2,35.9,60.0,12.7
2017,5,6,0.0,16.7,0.1,8.5,52.0,80.3,18.9
2017,5,7,0.0,16.5,0.5,8.4,42.4,79.1,18.7
2017,5,8,0.0,16.6,-0.8,7.4,36.1,55.4,13.5
2017,5,9,0.0,17.0,-1.5,8.4,43.0,71.6,19.7
2017,5,10,1.4,15.5,3.7,8.5,71.2,89.2,41.0
2017,5,11,0.0,16.5,1.9,8.8,61.8,92.6,27.7
2017,5,12,0.0,18.3,-0.8,8.3,42.4,75.0,18.2
2017,5,13,0.0,15.4,-2.8,6.1,35.7,66.7,12.6
2017,5,14,0.0,16.9,-3.2,6.1,26.9,47.7,8.3
2017,5,15,0.0,16.7,-3.7,6.5,25.7,57.5,8.0
2017,5,16,0.0,17.1,-0.3,7.4,45.4,86.0,15.4
2017,5,17,0.0,17.1,-1.0,8.0,31.1,52.2,17.3
2017,5,18,0.0,15.6,-1.5,6.5,28.8,51.3,11.5
2017,5,19,0.0,16.5,-4.5,5.7,28.2,47.6,12.2
2017,5,20,0.0,17.2,-3.0,6.8,26.6,51.8,10.7
2017,5,21,0.0,18.1,-2.8,6.9,34.9,66.2,10.2
2017,5,22,13.6,14.3,1.8,8.2,43.7,94.0,17.6
2017,5,23,8.2,9.3,2.4,5.3,86.6,96.3,68.4
2017,5,24,6.6,10.2,3.5,6.3,86.0,96.9,70.0
2017,5,25,0.8,14.1,5.2,8.3,76.6,96.6,49.0
2017,5,26,5.8,11.7,2.6,6.1,86.3,97.7,63.7
2017,5,27,2.6,13.0,2.9,7.0,81.3,95.1,57.0
2017,5,28,1.8,12.8,3.4,6.8,82.0,93.3,59.0
2017,5,29,5.6,13.4,3.8,6.6,84.3,96.7,58.8
2017,5,30,3.0,10.4,0.1,4.5,84.5,99.9,51.4
2017,5,31,0.0,12.4,-1.8,4.2,61.4,93.9,19.4
2017,6,1,0.0,12.3,-3.0,3.8,53.5,79.9,15.3
2017,6,2,0.0,15.0,-2.9,5.7,49.5,77.2,20.3
2017,6,3,0.0,15.2,-1.5,6.4,48.5,75.9,22.8
2017,6,4,0.0,15.0,-0.7,7.2,62.4,87.9,27.9
2017,6,5,0.0,15.2,2.6,7.9,64.5,87.1,34.9
2017,6,6,0.0,15.1,0.7,8.0,58.5,86.7,30.0
2017,6,7,0.0,14.1,4.4,8.8,61.4,83.2,38.1
2017,6,8,0.0,13.0,-1.7,5.4,49.1,76.6,17.1
2017,6,9,0.0,11.6,-4.5,3.0,50.1,78.0,17.0
2017,6,10,0.0,14.1,-1.9,5.6,54.4,85.8,26.9
2017,6,11,0.0,15.8,-3.2,5.8,43.1,84.2,9.8
2017,6,12,0.0,15.7,-6.4,4.3,26.3,55.7,7.1
2017,6,13,0.0,13.8,-5.6,2.7,25.1,45.3,7.8
2017,6,14,0.0,14.4,-6.2,3.6,29.2,57.1,9.9
2017,6,15,0.0,14.3,-6.5,3.5,25.2,49.5,9.9
2017,6,16,0.0,14.7,-7.5,3.8,25.0,49.3,11.6
2017,6,17,0.0,15.2,-4.5,4.7,24.8,44.7,8.4
2017,6,18,0.0,15.8,-5.7,4.6,23.5,40.4,9.8
2017,6,19,0.0,15.9,-4.8,5.8,44.0,67.6,18.4
2017,6,20,0.0,14.6,-3.5,5.1,53.3,89.8,12.6
2017,6,21,0.0,14.9,-6.1,4.3,36.6,67.0,10.1
2017,6,22,0.0,15.5,-3.7,5.1,34.2,61.2,9.5
2017,6,23,0.0,15.0,-4.0,4.9,28.0,43.3,13.8
2017,6,24,0.0,15.1,-3.4,6.2,30.0,47.4,15.7
2017,6,25,0.0,14.0,-3.0,5.2,38.5,63.5,18.5
2017,6,26,0.0,15.8,-3.3,6.0,35.7,62.2,14.5
2017,6,27,0.0,14.0,-5.6,3.9,36.7,58.4,13.9
2017,6,28,0.0,15.7,-2.2,6.7,49.1,73.5,24.6
2017,6,29,0.0,14.4,-2.3,6.3,49.0,85.6,21.5
2017,6,30,0.0,15.9,-3.1,6.7,47.1,69.5,23.3
2017,7,1,0.0,13.2,1.7,7.3,62.5,91.0,40.9
2017,7,2,0.2,12.3,0.5,5.6,75.9,93.3,42.5
2017,7,3,0.0,11.7,-3.7,3.7,59.7,91.7,23.0
2017,7,4,0.0,14.6,-5.4,4.1,36.6,72.6,8.4
2017,7,5,0.0,14.2,-8.4,3.0,24.4,45.0,8.7
2017,7,6,0.0,14.4,-5.5,4.4,27.1,51.9,7.4
2017,7,7,0.0,14.2,-6.4,4.8,29.0,62.6,10.5
2017,7,8,0.0,13.1,-5.5,3.9,36.0,73.8,9.0
2017,7,9,0.0,14.3,-7.0,3.9,27.0,56.9,6.0
2017,7,10,0.0,16.3,-5.6,5.1,41.2,67.2,10.5
2017,7,11,0.0,15.2,-4.1,5.1,38.2,60.6,17.5
2017,7,12,0.0,16.4,-5.6,5.2,20.2,47.3,7.3
2017,7,13,0.0,16.5,-6.1,5.6,14.9,28.2,6.6
2017,7,14,0.0,15.3,-5.6,4.8,24.0,44.3,9.6
2017,7,15,0.0,14.8,-5.1,4.5,26.0,45.0,10.4
2017,7,16,0.0,16.7,-6.0,5.6,32.6,67.7,11.4
2017,7,17,0.0,17.0,-2.6,7.2,60.6,86.6,28.6
2017,7,18,0.0,14.8,-2.5,5.4,47.0,89.1,12.8
2017,7,19,0.0,14.4,-5.5,4.2,26.6,45.6,11.7
2017,7,20,0.0,16.4,-6.2,5.2,28.1,45.9,7.6
2017,7,21,0.0,17.8,-4.4,6.8,32.1,55.2,9.5
2017,7,22,0.0,18.1,-3.6,7.9,28.4,44.1,10.3
2017,7,23,0.0,15.9,-3.2,5.3,28.6,46.7,10.6
2017,7,24,0.0,16.4,-3.9,5.7,31.5,46.5,10.1
2017,7,25,0.0,16.4,-4.9,6.2,29.3,57.6,9.7
2017,7,26,0.0,17.0,-4.9,6.4,28.8,49.7,8.6
2017,7,27,0.0,16.0,-4.7,6.2,40.5,68.1,14.1
2017,7,28,0.0,16.1,-3.8,5.8,33.8,60.7,10.5
2017,7,29,0.0,16.7,-3.7,6.4,28.8,51.3,7.0
2017,7,30,0.0,17.3,-2.2,7.9,27.1,46.0,7.4
2017,7,31,0.0,16.3,-3.7,6.8,21.4,41.7,11.6
2017,8,1,0.0,15.9,-3.5,6.1,25.6,41.8,14.0
2017,8,2,0.0,17.0,-4.4,6.3,29.0,58.5,7.7
2017,8,3,0.0,19.0,-1.8,8.7,44.0,79.3,13.6
2017,8,4,0.0,18.0,-2.5,7.4,25.5,57.1,7.1
2017,8,5,0.0,17.6,-4.0,6.7,13.2,23.4,6.7
2017,8,6,0.0,18.1,-5.0,7.0,19.7,39.0,6.9
2017,8,7,0.0,18.9,-4.0,8.1,22.8,42.4,8.7
2017,8,8,0.0,18.0,-3.9,7.9,26.2,61.1,7.6
2017,8,9,0.0,16.2,-0.9,7.2,49.5,70.6,18.1
2017,8,10,0.0,16.2,-1.3,6.7,38.7,73.8,10.3
2017,8,11,0.0,16.1,-4.6,5.8,18.2,42.1,5.7
2017,8,12,0.0,15.7,-6.3,5.0,13.9,32.3,4.4
2017,8,13,0.0,16.6,-7.4,5.5,18.7,45.7,4.7
2017,8,14,0.0,16.5,-4.0,5.4,28.3,81.9,4.7
2017,8,15,0.0,16.8,-5.2,6.2,17.0,29.7,8.1
2017,8,16,0.0,16.3,-2.0,6.2,25.4,49.4,13.4
2017,8,17,0.0,16.3,-3.0,5.6,29.2,63.3,9.5
2017,8,18,0.0,14.4,-5.8,4.1,28.9,73.8,5.1
2017,8,19,0.0,14.2,-7.1,3.1,14.9,28.0,5.2
2017,8,20,0.0,15.8,-8.3,5.0,18.3,59.0,4.1
2017,8,21,0.0,16.8,-0.9,7.8,43.7,80.3,7.8
2017,8,22,0.0,16.5,-2.5,6.9,36.6,67.8,6.7
2017,8,23,0.0,16.9,-4.2,6.7,29.1,57.6,4.0
2017,8,24,0.0,15.9,-1.8,7.4,44.0,61.8,26.6
2017,8,25,0.0,18.4,-1.7,7.9,47.6,77.9,15.5
2017,8,26,0.0,16.7,-3.8,7.1,36.5,62.6,11.6
2017,8,27,0.0,17.6,-1.8,8.4,49.7,84.9,15.0
2017,8,28,0.0,17.8,-0.2,9.0,49.7,83.9,17.5
2017,8,29,0.0,19.2,-1.8,9.1,36.3,64.5,9.4
2017,8,30,0.0,17.1,1.5,9.7,38.2,67.1,12.7
2017,8,31,0.0,18.9,-0.5,9.5,50.6,86.5,19.1
2017,9,1,0.0,19.8,1.0,9.4,45.2,75.8,11.1
2017,9,2,0.0,19.6,-0.3,9.8,41.4,70.5,13.7
2017,9,3,0.0,18.8,0.1,9.8,41.0,61.6,18.6
2017,9,4,0.0,15.9,0.8,7.5,59.6,82.0,30.0
2017,9,5,10.0,15.1,-1.2,6.6,67.9,96.2,33.8
2017,9,6,0.4,15.9,0.5,7.3,71.1,93.3,36.6
2017,9,7,4.8,14.4,1.2,6.8,72.7,92.9,35.4
2017,9,8,0.0,12.5,2.6,6.9,64.2,90.0,29.8
2017,9,9,0.0,15.9,-0.8,7.7,44.2,78.5,22.3
2017,9,10,0.0,17.4,-1.6,8.5,34.1,62.3,14.9
2017,9,11,0.0,15.2,-1.5,7.6,45.7,62.4,26.6
2017,9,12,0.4,11.8,3.4,8.2,63.3,77.4,49.0
2017,9,13,5.4,15.0,4.6,8.2,72.4,87.6,39.6
2017,9,14,5.6,14.9,3.2,8.4,68.1,90.7,40.8
2017,9,15,16.2,10.3,2.2,5.3,84.3,96.7,61.9
2017,9,16,2.4,10.3,2.4,5.7,83.8,96.4,60.5
2017,9,17,0.2,15.0,4.3,8.5,73.3,94.4,36.4
2017,9,18,0.0,16.7,1.7,9.2,56.8,92.8,16.2
2017,9,19,0.0,18.2,-0.3,9.5,43.1,80.0,12.1
2017,9,20,0.0,20.5,1.1,11.4,47.8,88.9,12.5
2017,9,21,0.0,18.3,2.8,10.7,57.1,86.2,29.5
2017,9,22,1.2,15.7,5.5,9.5,58.6,80.0,35.5
2017,9,23,0.0,13.3,4.2,8.1,64.9,84.0,42.1
2017,9,24,0.0,17.2,1.0,8.5,51.9,90.5,6.0
2017,9,25,0.0,16.7,-2.4,8.0,38.4,64.6,12.6
2017,9,26,0.6,16.0,1.7,8.8,58.4,82.4,27.8
2017,9,27,3.6,15.9,3.8,8.4,61.4,88.0,27.9
2017,9,28,0.0,16.4,2.0,8.2,52.0,90.9,14.4
2017,9,29,0.0,16.0,-2.6,6.9,26.7,62.6,8.2
2017,9,30,0.0,18.2,-1.8,8.5,25.1,61.2,5.6
2017,10,1,0.0,18.7,-2.4,7.5,15.5,38.1,4.8
2017,10,2,0.0,14.7,-5.2,5.2,12.5,25.4,4.4
2017,10,3,0.0,15.5,-4.6,6.1,15.8,32.7,7.2
2017,10,4,0.0,19.2,-3.0,8.8,32.8,64.8,7.4
2017,10,5,0.0,20.3,0.1,10.6,32.7,62.2,7.8
2017,10,6,0.0,19.9,-0.8,10.2,27.5,45.3,10.3
2017,10,7,0.0,19.9,6.1,11.8,48.2,71.2,16.7
2017,10,8,0.0,20.7,2.9,11.4,47.8,80.9,8.4
2017,10,9,0.0,19.7,2.2,10.2,49.5,77.3,15.6
2017,10,10,0.0,17.4,3.5,10.4,50.3,76.9,21.8
2017,10,11,0.0,17.5,3.1,10.3,50.0,78.5,23.2
2017,10,12,0.0,16.6,3.1,9.7,57.9,73.5,37.7
2017,10,13,0.0,18.2,6.1,11.1,56.0,79.8,28.5
2017,10,14,0.0,18.0,6.1,10.2,57.4,81.6,28.5
2017,10,15,3.4,16.0,4.9,9.6,65.9,95.9,41.6
2017,10,16,14.0,13.2,3.8,7.4,80.1,96.7,53.6
2017,10,17,0.0,16.4,4.4,9.4,68.4,95.7,37.1
2017,10,18,0.0,18.3,4.4,10.2,61.8,91.0,27.7
2017,10,19,0.0,17.1,3.7,10.0,54.6,83.0,22.0
2017,10,20,0.0,18.5,2.0,11.1,40.5,88.5,7.5
2017,10,21,0.0,18.4,0.6,10.1,27.6,64.1,6.1
2017,10,22,0.0,18.7,4.5,11.6,49.2,78.7,17.2
2017,10,23,0.0,19.7,4.3,11.5,43.5,80.7,9.6
2017,10,24,0.0,19.4,1.6,11.3,34.6,70.0,6.0
2017,10,25,0.0,19.9,1.8,10.9,42.5,79.0,6.4
2017,10,26,0.0,20.5,0.7,11.2,36.7,68.5,7.7
2017,10,27,0.0,20.9,1.5,11.2,38.7,67.8,5.6
2017,10,28,0.0,18.8,3.1,11.2,43.1,77.3,15.9
2017,10,29,0.0,19.4,-0.4,9.8,18.5,39.2,7.0
2017,10,30,0.0,19.2,-0.2,10.0,17.8,28.8,9.7
2017,10,31,0.0,18.3,-1.5,9.0,23.6,66.1,7.2
2017,11,1,0.0,18.5,0.9,9.8,22.0,41.4,7.5
2017,11,2,0.0,21.4,1.1,11.5,19.1,43.3,7.9
2017,11,3,0.0,20.9,3.1,12.1,15.0,35.6,8.2
2017,11,4,0.0,19.5,2.1,11.0,26.3,56.3,7.6
2017,11,5,0.0,20.2,2.4,11.5,41.4,71.9,7.6
2017,11,6,0.0,20.1,4.4,11.5,50.8,75.3,20.5
2017,11,7,0.0,21.3,3.8,11.9,47.6,78.6,11.9
2017,11,8,0.0,20.9,1.4,11.7,32.6,63.3,7.4
2017,11,9,18.8,18.9,4.7,10.4,59.9,81.0,22.1
2017,11,10,0.0,19.5,3.1,11.6,55.6,88.8,21.6
2017,11,11,0.0,18.5,4.5,10.8,57.6,85.4,31.4
2017,11,12,0.2,17.6,4.2,10.5,56.9,78.6,32.0
2017,11,13,0.0,17.9,2.6,11.3,56.9,88.7,25.3
2017,11,14,4.4,19.0,3.8,11.1,56.8,81.1,20.8
2017,11,15,0.2,20.4,4.8,12.2,55.7,85.7,22.2
2017,11,16,0.0,20.5,4.2,12.3,55.2,86.8,22.6
2017,11,17,0.0,21.3,4.3,12.7,35.6,83.6,4.8
2017,11,18,0.0,20.0,0.8,11.5,24.4,65.7,4.5
2017,11,19,0.0,20.5,0.8,11.3,20.1,50.6,5.2
2017,11,20,0.0,18.6,-0.9,9.2,18.8,43.8,4.6
2017,11,21,0.0,19.9,-0.5,10.2,17.2,37.1,4.8
2017,11,22,0.0,20.6,3.0,12.4,38.1,78.4,8.3
2017,11,23,0.0,21.3,-0.7,11.9,24.3,55.8,4.2
2017,11,24,0.0,21.8,0.8,12.8,30.4,59.8,4.6
2017,11,25,0.0,23.0,5.9,14.4,43.5,70.1,10.6
2017,11,26,0.0,20.5,7.8,13.9,46.5,70.6,19.6
2017,11,27,0.0,19.8,3.3,11.9,38.1,66.2,15.0
2017,11,28,1.0,16.5,6.9,11.6,57.6,87.3,40.0
2017,11,29,0.0,16.9,4.8,10.3,68.2,97.3,40.8
2017,11,30,0.0,21.2,4.5,13.4,45.8,79.0,18.6
2017,12,1,0.0,19.1,1.9,12.1,17.5,41.6,7.0
2017,12,2,1.4,20.3,0.6,11.6,22.3,76.7,7.5
2017,12,3,0.0,16.7,3.9,10.6,60.9,88.8,31.6
2017,12,4,8.4,16.7,7.7,11.2,61.9,77.2,42.2
2017,12,5,1.8,12.6,3.3,6.8,82.3,96.7,59.6
2017,12,6,0.0,18.3,4.0,10.8,61.0,94.4,27.5
2017,12,7,0.0,18.0,5.0,11.2,53.3,81.4,19.3
2017,12,8,0.0,16.8,6.7,11.9,54.8,80.9,30.1
2017,12,9,1.2,17.1,6.4,10.8,63.8,81.7,36.7
2017,12,10,0.0,18.7,3.3,10.3,56.5,89.3,19.6
2017,12,11,0.0,18.2,3.4,10.7,56.6,83.3,28.5
2017,12,12,0.0,20.5,2.5,11.4,51.0,85.3,17.2
2017,12,13,0.0,21.4,3.4,12.8,45.4,82.3,13.5
2017,12,14,0.0,18.1,4.0,11.7,44.7,74.0,22.7
2017,12,15,0.0,18.9,5.6,12.5,42.6,67.2,19.9
2017,12,16,0.0,21.9,4.0,13.2,43.2,73.9,8.6
2017,12,17,0.0,22.9,4.3,13.6,43.0,78.9,9.8
2017,12,18,0.0,14.9,8.8,11.7,53.8,67.1,43.3
2017,12,19,2.6,14.6,7.7,10.3,68.9,85.3,49.4
2017,12,20,8.8,16.7,7.1,10.9,70.6,95.2,44.2
2017,12,21,0.2,14.5,6.2,9.1,81.7,97.0,58.2
2017,12,22,14.0,16.8,6.0,9.2,80.4,96.3,39.8
2017,12,23,0.0,18.2,5.2,11.0,69.8,98.5,34.1
2017,12,24,4.4,17.7,6.1,10.6,72.0,94.0,34.3
2017,12,25,0.0,16.1,5.4,10.3,69.3,90.0,45.9
2017,12,26,2.6,14.6,4.6,9.4,73.9,90.8,53.1
2017,12,27,0.0,17.3,4.7,10.9,64.4,90.8,39.6
2017,12,28,0.4,17.8,6.2,11.8,57.9,82.5,29.0
2017,12,29,0.0,16.3,5.9,10.8,65.7,89.0,41.4
2017,12,30,0.0,19.2,4.8,11.6,62.5,89.4,33.5
2017,12,31,0.0,19.1,5.2,12.6,58.0,89.3,30.5
2018,1,1,30.4,17.8,5.3,9.6,73.0,95.1,37.7
2018,1,2,0.0,17.0,5.9,10.5,63.3,94.1,26.2
2018,1,3,0.0,15.6,4.0,9.6,59.4,84.7,36.9
2018,1,4,0.0,17.4,2.7,10.4,57.2,87.3,27.3
2018,1,5,0.4,20.3,4.5,12.8,48.9,83.5,20.1
2018,1,6,0.0,17.9,7.9,11.9,55.6,72.7,31.6
2018,1,7,0.8,14.9,5.3,10.2,60.9,80.4,43.2
2018,1,8,0.0,14.3,6.6,9.9,60.7,80.9,43.5
2018,1,9,0.0,13.8,6.2,9.7,63.0,72.8,45.1
2018,1,10,0.0,15.6,4.3,10.4,57.2,82.4,39.1
2018,1,11,0.0,13.1,6.1,9.1,63.7,78.4,48.1
2018,1,12,1.4,16.8,5.1,10.7,60.9,82.6,36.3
2018,1,13,2.8,14.4,4.9,7.9,82.2,96.4,51.9
2018,1,14,0.0,16.3,5.2,9.4,65.4,94.3,35.6
2018,1,15,3.0,14.8,4.1,8.7,74.0,91.4,45.5
2018,1,16,0.4,15.7,5.9,10.5,66.5,85.4,44.1
2018,1,17,9.6,16.6,3.5,10.4,69.7,94.8,40.5
2018,1,18,0.0,14.7,6.2,10.3,69.6,92.7,49.9
2018,1,19,4.6,14.2,5.5,8.9,76.4,89.3,54.4
2018,1,20,3.2,14.5,5.6,8.8,80.6,94.3,51.2
2018,1,21,10.2,16.2,4.5,9.0,72.8,93.5,47.8
2018,1,22,0.0,17.5,4.0,10.0,68.4,92.6,40.0
2018,1,23,0.0,17.3,5.4,10.6,62.6,88.6,36.7
2018,1,24,0.0,17.0,3.8,10.4,62.6,86.9,37.8
2018,1,25,1.0,13.1,5.6,8.2,76.6,93.2,55.0
2018,1,26,1.4,17.3,3.3,10.2,67.2,95.1,29.5
2018,1,27,0.8,16.0,6.3,10.7,63.2,87.3,37.8
2018,1,28,20.0,14.8,7.0,9.1,82.2,94.8,55.4
2018,1,29,11.2,13.5,5.9,8.3,89.7,98.2,64.7
2018,1,30,0.0,16.0,5.4,10.0,79.9,98.6,53.4
2018,1,31,8.8,16.5,7.9,11.2,75.7,93.9,48.6
2018,2,1,0.6,14.0,6.5,9.8,83.0,99.2,63.4
2018,2,2,7.2,13.4,7.3,9.3,89.6,98.7,75.0
2018,2,3,1.2,16.0,7.5,10.8,81.1,98.1,50.7
2018,2,4,0.0,16.4,7.6,11.2,74.9,92.8,53.9
2018,2,5,2.2,18.1,4.7,11.8,66.4,89.8,43.1
2018,2,6,27.0,18.6,6.5,10.5,77.8,95.8,40.3
2018,2,7,0.8,15.1,6.8,9.4,83.8,98.7,60.2
2018,2,8,2.0,14.0,5.6,9.1,79.9,95.9,61.8
2018,2,9,0.6,11.5,6.0,8.4,85.3,98.5,70.9
2018,2,10,10.0,15.0,5.5,9.7,76.4,93.3,51.9
2018,2,11,0.0,14.8,6.1,9.3,79.8,95.5,53.7
2018,2,12,0.0,13.4,6.9,9.6,75.0,90.5,59.4
2018,2,13,0.4,14.7,6.4,10.3,71.4,91.2,51.5
2018,2,14,9.8,14.8,7.2,9.8,76.5,92.2,53.7
2018,2,15,5.6,15.7,5.1,9.5,77.7,97.3,49.9
2018,2,16,3.6,12.9,5.6,9.0,81.3,96.2,59.1
2018,2,17,3.4,15.0,6.0,9.9,76.3,96.1,50.2
2018,2,18,1.0,16.4,3.1,9.7,70.3,95.7,40.9
2018,2,19,0.0,16.1,1.3,8.4,55.0,86.8,20.1
2018,2,20,0.0,17.6,2.5,10.3,54.1,86.3,20.0
2018,2,21,4.2,13.7,4.5,8.8,73.3,91.6,48.9
2018,2,22,0.0,14.4,4.3,9.1,67.8,89.3,44.5
2018,2,23,0.0,16.4,2.1,9.2,63.4,89.0,36.0
2018,2,24,0.4,16.4,4.0,10.1,64.0,85.9,39.7
2018,2,25,0.0,16.8,3.1,10.2,62.4,86.9,36.5
2018,2,26,0.0,15.9,6.7,10.9,61.5,79.3,41.6
2018,2,27,0.0,17.1,5.8,10.9,62.4,81.9,42.2
2018,2,28,2.4,15.9,3.7,9.7,71.2,90.8,47.9
2018,3,1,0.0,15.6,5.4,10.1,70.8,93.1,47.9
2018,3,2,0.0,16.8,5.5,10.8,62.4,80.8,42.0
2018,3,3,0.0,15.8,7.8,11.3,60.7,79.3,43.2
2018,3,4,7.8,16.6,4.5,9.5,76.1,96.6,46.2
2018,3,5,0.8,13.4,6.3,9.0,81.6,94.6,56.4
2018,3,6,0.8,15.6,7.3,10.1,68.0,85.0,48.1
2018,3,7,0.2,15.2,6.2,9.7,71.5,89.7,49.6
2018,3,8,0.2,17.9,7.2,11.2,71.5,93.9,38.8
2018,3,9,0.0,17.1,5.9,10.7,60.4,87.0,32.8
2018,3,10,0.0,18.0,4.5,10.5,65.6,90.2,34.5
2018,3,11,0.0,20.0,3.1,11.7,50.2,83.2,18.7
2018,3,12,0.0,17.7,4.0,11.0,65.1,87.7,37.8
2018,3,13,3.4,16.7,7.4,11.5,69.4,93.2,41.1
2018,3,14,2.6,13.6,7.6,9.7,81.4,95.9,62.8
2018,3,15,3.2,15.8,5.5,9.6,81.7,96.9,51.8
2018,3,16,0.2,13.0,6.0,8.9,83.8,95.9,56.1
2018,3,17,0.0,17.2,6.8,11.0,72.4,93.1,45.8
2018,3,18,0.0,17.1,6.4,10.6,74.3,94.9,47.2
2018,3,19,0.0,16.4,5.8,10.1,72.2,94.5,40.6
2018,3,20,0.0,17.1,5.9,11.1,67.8,92.9,38.2
2018,3,21,0.0,17.7,4.7,11.2,62.1,87.1,35.1
2018,3,22,0.0,19.7,2.6,11.7,61.4,91.4,27.5
2018,3,23,0.0,20.8,4.6,12.0,58.5,87.9,24.4
2018,3,24,0.6,18.9,4.3,10.9,61.9,87.4,28.4
2018,3,25,3.2,16.6,5.1,9.4,67.4,94.2,32.8
2018,3,26,0.0,16.7,3.8,9.2,69.1,94.6,25.3
2018,3,27,0.0,16.3,1.6,9.2,62.5,89.5,31.7
2018,3,28,0.0,16.0,3.0,9.4,60.0,87.6,29.0
2018,3,29,0.4,16.6,-0.7,7.9,54.1,74.7,26.7
2018,3,30,0.0,16.2,1.6,9.0,59.0,88.0,31.5
2018,3,31,0.0,15.4,0.7,8.0,51.6,88.8,13.4
2018,4,1,0.0,16.6,-0.9,8.4,55.2,88.5,17.9
2018,4,2,0.0,16.7,0.1,8.7,56.1,76.6,29.5
2018,4,3,0.0,18.3,-0.1,9.2,56.3,91.1,18.7
2018,4,4,0.0,18.2,0.6,9.3,44.0,83.5,10.3
2018,4,5,0.0,16.5,-2.4,7.4,31.2,68.4,11.6
2018,4,6,0.0,18.4,-2.5,8.5,36.0,74.2,15.8
2018,4,7,0.0,17.9,2.0,10.3,54.8,84.1,26.7
2018,4,8,0.0,18.2,2.5,10.4,58.6,88.2,22.7
2018,4,9,0.0,19.2,1.5,10.7,53.2,87.4,14.4
2018,4,10,0.0,19.2,1.8,10.5,44.8,85.6,12.4
2018,4,11,0.0,20.0,-0.3,10.1,31.9,58.1,18.2
2018,4,12,0.0,20.7,-0.8,10.3,32.4,68.6,7.0
2018,4,13,0.0,13.6,2.8,8.3,63.8,84.9,36.7
2018,4,14,0.0,18.3,-0.4,8.8,55.5,89.9,18.9
2018,4,15,0.0,16.7,0.2,8.8,47.7,85.5,17.5
2018,4,16,0.2,18.6,0.7,8.5,50.6,77.2,18.5
2018,4,17,0.0,17.8,0.9,8.8,56.5,84.0,16.9
2018,4,18,0.0,16.3,0.3,8.3,53.7,81.9,23.5
2018,4,19,0.0,17.0,-0.8,8.1,49.2,85.5,15.0
2018,4,20,0.0,18.6,0.1,9.3,50.5,84.1,17.5
2018,4,21,0.0,18.6,0.7,9.7,50.0,84.1,16.2
2018,4,22,0.0,19.2,0.3,9.3,53.1,84.8,14.6
2018,4,23,0.0,17.9,0.5,9.2,56.6,88.1,18.5
2018,4,24,0.0,16.1,1.1,9.3,60.3,90.0,33.5
2018,4,25,0.0,16.6,2.0,9.4,59.3,86.3,32.2
2018,4,26,0.0,15.9,1.9,8.7,58.2,81.8,19.1
2018,4,27,0.0,18.1,1.1,9.0,63.3,88.0,30.2
2018,4,28,9.6,17.0,2.6,8.7,70.2,86.9,30.8
2018,4,29,0.0,17.3,1.8,8.5,68.3,92.9,26.5
2018,4,30,0.0,16.6,1.5,9.1,62.8,90.0,33.3
2018,5,1,0.4,15.9,2.9,8.7,68.0,90.7,42.2
2018,5,2,0.0,19.6,1.5,9.8,62.2,92.7,18.1
2018,5,3,0.0,17.8,2.3,10.2,51.5,79.4,19.6
2018,5,4,0.0,16.3,0.3,8.6,52.3,86.1,17.8
2018,5,5,0.0,15.0,-0.5,7.7,56.2,80.8,29.6
2018,5,6,4.8,15.2,1.1,7.5,66.0,95.1,36.9
2018,5,7,0.0,15.8,-0.8,7.2,66.5,95.4,26.8
2018,5,8,0.0,16.8,0.0,8.2,58.8,85.8,27.5
2018,5,9,4.6,16.9,2.0,8.4,65.4,92.6,30.4
2018,5,10,0.0,16.2,1.7,7.8,67.0,95.2,25.9
2018,5,11,0.0,17.4,-2.4,7.5,50.8,84.0,7.6
2018,5,12,0.0,16.2,0.2,8.5,50.0,89.3,11.3
2018,5,13,0.0,15.7,-0.8,7.6,48.1,80.8,17.3
2018,5,14,0.0,14.4,-1.8,5.8,37.5,67.6,14.4
2018,5,15,0.0,14.8,-3.9,5.2,24.8,50.4,7.6
2018,5,16,0.0,15.4,-4.7,5.2,23.1,57.3,7.7
2018,5,17,0.0,16.0,-3.5,6.0,39.5,82.5,9.5
2018,5,18,0.0,14.3,-5.5,4.5,20.0,36.9,8.1
2018,5,19,0.0,15.8,-4.9,5.4,28.0,59.4,8.6
2018,5,20,0.0,16.6,-3.2,6.6,36.2,67.7,8.1
2018,5,21,0.0,15.3,-4.3,6.1,24.9,48.1,9.6
2018,5,22,0.0,16.1,-4.5,6.7,31.2,57.7,11.1
2018,5,23,0.0,15.0,-2.0,6.3,35.2,58.8,11.6
2018,5,24,0.0,15.3,-3.9,6.0,34.4,54.5,13.0
2018,5,25,0.0,14.2,-2.8,5.7,34.0,63.7,14.2
2018,5,26,0.0,14.5,-4.4,5.2,30.4,52.1,16.9
2018,5,27,0.0,14.5,-3.9,5.5,38.6,64.4,18.6
2018,5,28,0.0,15.8,-3.0,5.9,44.8,81.5,18.9
2018,5,29,0.0,13.3,-4.1,4.1,30.5,58.0,9.6
2018,5,30,0.0,13.9,-5.3,3.7,22.6,42.4,7.4
2018,5,31,0.0,15.2,-5.2,4.0,31.9,70.4,5.1
2018,6,1,0.0,16.4,-7.6,4.8,26.7,55.7,6.7
2018,6,2,0.0,15.4,-4.9,6.2,46.5,77.0,21.9
2018,6,3,3.6,10.3,1.7,5.3,70.7,94.6,35.3
2018,6,4,2.2,5.9,0.0,2.5,90.0,99.8,72.1
2018,6,5,1.8,11.7,1.1,5.0,77.9,96.2,45.0
2018,6,6,0.0,12.6,1.4,6.4,71.8,97.6,37.0
2018,6,7,1.2,12.9,-1.0,5.6,66.8,92.9,35.3
2018,6,8,4.4,9.2,0.3,3.8,82.2,96.5,50.6
2018,6,9,6.0,6.9,1.0,2.9,91.2,96.9,71.7
2018,6,10,0.8,9.2,0.8,3.8,81.1,94.6,52.7
2018,6,11,0.0,11.7,-2.2,4.4,58.2,88.0,26.5
2018,6,12,0.0,12.0,-3.8,4.0,60.2,82.9,35.6
2018,6,13,0.2,11.6,-0.4,5.1,74.4,92.8,52.2
2018,6,14,0.0,13.9,0.7,6.3,71.4,96.5,32.3
2018,6,15,0.0,11.2,2.3,5.5,70.1,85.9,45.3
2018,6,16,0.0,14.2,-1.7,5.9,61.7,90.5,28.1
2018,6,17,0.0,14.9,-1.3,6.4,54.1,81.0,27.2
2018,6,18,0.0,15.2,-0.9,6.4,55.0,82.0,24.4
2018,6,19,0.0,13.4,-2.3,5.1,46.5,78.3,19.1
2018,6,20,0.0,14.8,-4.0,4.9,43.0,67.4,17.7
2018,6,21,0.0,16.2,-3.1,6.0,41.0,77.3,15.9
2018,6,22,0.0,15.6,-1.9,6.0,34.1,59.8,13.8
2018,6,23,0.0,14.8,-0.7,6.6,37.2,59.0,17.2
2018,6,24,0.0,14.7,-2.9,6.2,49.3,69.4,27.2
2018,6,25,0.0,14.2,-2.4,5.5,42.7,65.2,20.9
2018,6,26,0.0,14.1,-2.5,5.1,42.2,62.5,23.0
2018,6,27,0.0,14.1,-1.4,5.7,46.3,63.8,28.8
2018,6,28,0.0,15.0,-4.3,4.5,47.3,80.5,20.6
2018,6,29,0.0,16.5,-1.8,6.4,43.7,67.5,9.3
2018,6,30,0.0,14.8,-3.3,5.5,50.2,81.4,20.7
2018,7,1,0.0,15.7,-3.1,5.7,43.6,73.6,20.5
2018,7,2,0.0,15.8,-4.2,5.9,42.0,67.7,9.8
2018,7,3,0.0,16.1,-3.2,6.2,48.5,78.4,12.3
2018,7,4,0.0,17.6,-2.1,7.3,40.2,64.6,12.9
2018,7,5,0.0,17.0,-2.9,6.8,35.5,64.0,10.9
2018,7,6,0.0,17.6,-2.0,7.4,32.4,53.5,13.3
2018,7,7,0.0,17.5,-2.3,7.9,24.3,54.4,6.1
2018,7,8,0.0,17.4,-4.8,6.3,19.9,56.4,6.0
2018,7,9,0.0,15.8,-3.2,6.4,35.9,63.6,10.3
2018,7,10,0.0,14.9,-3.8,5.4,45.2,83.3,13.5
2018,7,11,0.0,14.6,-3.1,6.3,39.8,62.9,15.1
2018,7,12,0.0,12.4,0.8,6.9,46.8,66.4,27.5
2018,7,13,0.0,12.9,0.1,7.1,42.7,73.8,19.7
2018,7,14,0.0,13.8,-0.4,6.4,35.5,80.7,17.3
2018,7,15,0.0,12.7,-4.6,3.3,62.6,99.4,20.9
2018,7,16,0.0,14.7,-3.3,6.1,51.4,78.7,17.7
2018,7,17,0.0,15.4,-2.8,6.5,55.4,84.8,20.6
2018,7,18,0.0,14.6,-1.3,6.0,61.7,83.8,32.6
2018,7,19,5.2,14.8,-1.2,4.5,73.7,99.9,30.0
2018,7,20,20.4,7.3,-3.8,1.9,89.6,99.9,61.9
2018,7,21,1.6,5.1,0.7,2.8,92.8,99.7,76.6
2018,7,22,0.0,10.7,-0.9,3.7,81.9,99.9,42.2
2018,7,23,0.0,12.1,-2.3,4.6,72.2,92.0,47.6
2018,7,24,0.0,13.4,0.3,6.5,71.2,94.3,42.6
2018,7,25,0.0,14.5,-0.2,6.3,64.6,89.7,28.7
2018,7,26,0.0,15.3,-0.2,6.8,49.5,84.7,16.6
2018,7,27,0.0,14.8,-1.8,6.7,43.1,71.6,23.3
2018,7,28,0.0,14.8,-1.7,6.3,43.3,70.6,18.9
2018,7,29,0.0,15.6,-3.8,5.7,37.6,67.1,16.4
2018,7,30,0.0,16.0,-3.6,5.5,31.4,55.1,11.2
2018,7,31,0.0,15.9,-3.9,6.0,34.5,72.3,9.1
2018,8,1,0.0,16.5,-2.5,7.0,45.2,75.0,17.6
2018,8,2,3.4,15.7,3.5,8.0,61.6,88.1,29.6
2018,8,3,0.2,13.2,-0.4,6.5,52.4,82.9,28.6
2018,8,4,8.0,5.9,-0.2,2.1,87.0,99.9,48.9
2018,8,5,13.8,8.3,-1.9,1.7,80.2,99.9,42.5
2018,8,6,0.0,9.8,-5.2,1.8,55.9,80.6,19.7
2018,8,7,0.0,13.0,-1.7,5.1,63.3,88.7,23.5
2018,8,8,0.0,12.9,-3.3,5.3,59.1,86.8,29.3
2018,8,9,0.0,14.2,-1.0,6.7,60.4,92.0,23.7
2018,8,10,0.0,15.1,-0.7,7.0,55.1,87.5,9.9
2018,8,11,0.0,15.6,-0.5,7.2,52.6,83.4,14.7
2018,8,12,0.0,15.1,-1.1,6.5,51.1,84.5,15.4
2018,8,13,0.0,13.8,-2.8,6.4,36.6,67.3,17.4
2018,8,14,0.0,13.6,-2.6,5.4,44.5,71.2,18.8
2018,8,15,0.0,13.4,-2.1,5.0,55.9,92.4,16.5
2018,8,16,0.0,14.9,-4.3,5.1,56.8,89.0,17.6
2018,8,17,0.0,15.2,-2.8,6.2,53.2,83.6,12.2
2018,8,18,0.0,14.5,-4.2,5.5,45.2,81.6,11.4
2018,8,19,0.0,13.5,-3.7,5.5,58.5,83.8,34.5
2018,8,20,1.2,12.9,3.1,6.3,69.9,87.0,39.9
2018,8,21,0.0,12.3,1.7,6.2,71.3,93.7,41.5
2018,8,22,0.0,14.6,-3.1,5.6,56.3,92.5,10.5
2018,8,23,0.0,15.0,-5.3,4.6,36.3,73.1,9.2
2018,8,24,0.0,15.5,-5.3,5.6,31.8,59.9,7.4
2018,8,25,0.0,15.9,-1.3,7.0,53.5,80.8,21.8
2018,8,26,0.0,14.6,-1.9,6.3,57.6,82.8,22.6
2018,8,27,0.0,15.5,-3.1,6.8,50.9,87.0,13.9
2018,8,28,0.0,16.7,-1.1,7.2,51.5,81.6,17.5
2018,8,29,0.0,15.4,0.7,8.0,59.4,86.1,27.4
2018,8,30,0.0,15.6,3.4,9.2,46.9,83.9,22.6
2018,8,31,0.0,17.0,-1.2,8.4,35.4,58.0,17.0
2018,9,1,0.0,17.1,-1.9,7.6,27.4,58.4,6.7
2018,9,2,0.0,14.1,-7.1,4.3,17.7,34.0,5.7
2018,9,3,0.0,15.9,-4.8,6.5,37.4,66.2,13.3
2018,9,4,0.0,17.0,-1.5,8.0,32.3,50.2,9.3
2018,9,5,0.0,18.0,-1.5,8.5,34.6,55.9,12.1
2018,9,6,0.0,17.9,-1.8,8.8,36.7,65.1,12.1
2018,9,7,0.0,18.4,-0.5,9.2,33.5,54.4,13.4
2018,9,8,0.0,18.0,-0.7,9.0,36.5,58.7,16.4
2018,9,9,0.0,18.0,-1.3,8.6,45.6,75.2,16.6
2018,9,10,0.0,16.1,-0.3,8.2,56.3,82.5,26.4
2018,9,11,0.0,17.3,1.3,8.8,55.7,88.9,16.2
2018,9,12,0.0,17.1,-1.5,8.0,46.4,83.0,12.0
2018,9,13,0.0,18.5,-3.1,8.2,30.6,63.4,8.1
2018,9,14,0.0,17.7,-4.7,7.4,25.0,53.1,5.8
2018,9,15,0.0,17.4,-4.2,8.0,32.5,52.9,15.4
2018,9,16,0.0,18.4,0.1,8.5,24.3,41.7,6.7
2018,9,17,0.0,15.5,-6.1,5.3,17.4,37.8,5.7
2018,9,18,0.0,16.4,-6.3,5.6,15.3,36.5,5.4
2018,9,19,0.0,18.5,-2.2,8.2,29.3,69.6,4.2
2018,9,20,0.0,19.4,-1.6,9.5,40.2,66.3,6.8
2018,9,21,0.0,18.8,2.0,9.9,51.3,80.5,19.5
2018,9,22,0.0,17.4,3.4,9.4,54.4,76.3,21.4
2018,9,23,0.0,15.9,1.6,8.5,58.6,84.7,27.9
2018,9,24,3.4,14.4,2.3,6.4,71.8,96.3,37.4
2018,9,25,0.0,17.0,0.2,8.0,62.4,96.5,21.5
2018,9,26,0.0,16.6,-0.9,8.0,30.4,65.6,8.7
2018,9,27,0.0,17.9,-2.5,8.2,26.6,57.0,7.9
2018,9,28,0.0,16.6,3.6,10.1,51.3,79.2,26.8
2018,9,29,0.0,18.8,-0.3,9.5,37.9,88.2,5.7
2018,9,30,0.0,19.4,-1.3,8.9,16.2,39.0,6.3
2018,10,1,0.0,21.3,-3.2,11.8,32.2,63.9,7.4
2018,10,2,0.0,NA,NA,11.6,50.9,81.0,21.6
2018,10,3,0.0,18.3,4.7,11.5,50.4,70.8,28.0
2018,10,4,0.0,18.0,3.0,11.0,51.5,77.0,20.9
2018,10,5,0.0,15.9,7.0,10.9,55.5,69.9,36.2
2018,10,6,5.2,16.8,6.8,10.4,61.6,92.7,36.1
2018,10,7,0.4,15.2,5.0,9.1,73.0,99.4,37.7
2018,10,8,0.0,16.2,1.6,9.3,47.8,80.2,24.8
2018,10,9,0.0,18.3,0.4,9.9,43.6,73.2,17.8
2018,10,10,4.0,18.9,1.0,10.6,46.5,75.6,25.7
2018,10,11,0.0,14.2,5.9,9.7,69.7,94.3,47.7
2018,10,12,0.0,16.9,3.1,9.8,64.3,94.8,32.1
2018,10,13,0.0,16.6,4.2,10.2,62.2,89.9,38.2
2018,10,14,0.0,18.2,2.3,10.3,58.9,86.9,27.7
2018,10,15,0.0,14.8,4.7,8.9,68.4,88.6,44.5
2018,10,16,0.0,19.5,1.5,10.7,51.8,93.1,16.7
2018,10,17,0.2,19.8,1.2,10.5,42.1,62.9,19.5
2018,10,18,8.6,18.4,3.0,10.5,59.6,89.5,24.6
2018,10,19,2.6,17.1,6.0,9.9,70.0,86.0,43.0
2018,10,20,0.0,18.0,3.6,10.8,63.6,91.0,27.8
2018,10,21,0.0,18.9,3.6,11.2,58.6,91.3,27.2
2018,10,22,1.2,18.7,5.2,11.5,57.8,90.2,31.6
2018,10,23,0.4,16.7,6.7,10.3,70.8,93.1,42.2
2018,10,24,0.0,17.6,3.9,10.4,62.3,91.4,31.2
2018,10,25,7.6,15.0,4.9,9.0,75.6,97.1,49.6
2018,10,26,1.0,17.3,5.0,9.9,68.2,94.0,34.1
2018,10,27,0.0,16.4,6.1,10.4,69.1,90.5,41.2
2018,10,28,0.0,19.4,2.1,11.3,52.4,89.6,11.1
2018,10,29,0.0,21.1,4.1,12.6,50.4,87.3,14.3
2018,10,30,0.0,19.6,5.4,12.7,50.0,82.1,21.8
2018,10,31,0.0,20.2,5.7,12.0,52.8,80.8,23.1
2018,11,1,0.0,15.8,5.2,10.6,55.1,80.2,33.5
2018,11,2,0.0,19.9,4.0,11.0,54.4,78.8,23.7
2018,11,3,12.8,21.6,2.6,11.7,42.3,75.4,15.0
2018,11,4,0.0,18.1,4.7,10.3,61.6,90.4,25.5
2018,11,5,0.4,16.8,4.7,10.6,65.3,88.4,35.5
2018,11,6,0.4,16.2,6.2,10.6,68.9,91.1,43.4
2018,11,7,0.2,14.8,6.1,10.5,63.6,83.8,45.9
2018,11,8,0.0,18.7,5.7,11.3,60.1,86.7,26.3
2018,11,9,0.0,20.7,3.5,12.4,49.5,87.1,17.3
2018,11,10,0.0,19.7,4.9,12.7,48.6,82.1,23.7
2018,11,11,0.0,22.3,4.7,13.5,47.9,78.4,11.6
2018,11,12,0.0,18.9,4.6,12.0,51.9,83.3,25.0
2018,11,13,0.0,20.9,3.0,12.5,22.2,42.8,12.3
2018,11,14,0.0,20.7,2.9,11.5,31.4,64.7,12.0
2018,11,15,0.0,21.7,6.4,12.7,52.4,76.2,17.3
2018,11,16,0.0,18.8,5.6,12.3,55.5,78.6,30.8
2018,11,17,0.0,20.5,4.4,12.0,52.8,82.4,18.9
2018,11,18,0.4,20.1,5.1,12.7,47.8,66.1,23.2
2018,11,19,0.0,16.8,6.7,11.5,64.2,94.5,30.5
2018,11,20,0.0,20.1,4.1,11.9,56.1,85.7,29.7
2018,11,21,2.8,20.2,4.8,12.1,62.8,93.1,29.1
2018,11,22,0.0,21.8,5.3,13.0,55.0,92.1,15.8
2018,11,23,0.0,20.7,1.6,11.9,34.7,73.2,8.0
2018,11,24,0.0,20.1,4.2,11.3,42.8,78.0,10.4
2018,11,25,0.0,20.0,6.6,12.8,52.7,74.8,26.1
2018,11,26,0.2,21.1,8.7,13.1,50.1,74.3,19.5
2018,11,27,3.4,17.1,6.4,11.2,61.3,91.8,37.4
2018,11,28,0.0,16.2,4.9,10.3,68.2,92.2,43.9
2018,11,29,0.0,19.4,7.1,12.4,40.8,83.6,14.5
2018,11,30,0.0,18.7,2.2,10.4,21.0,45.3,8.8
2018,12,1,0.0,18.0,-0.5,9.4,26.6,70.6,8.4
2018,12,2,7.8,18.8,2.8,9.7,45.8,91.0,16.3
2018,12,3,0.0,20.1,5.2,11.7,48.3,93.3,11.3
2018,12,4,0.0,18.6,-0.4,9.3,26.2,62.1,8.2
2018,12,5,0.0,20.2,-0.8,9.7,31.5,65.6,10.2
2018,12,6,0.0,18.5,2.9,11.6,45.7,69.5,26.4
2018,12,7,0.0,19.7,7.0,12.1,51.1,74.1,27.6
2018,12,8,0.0,19.9,4.7,12.4,46.4,79.9,22.4
2018,12,9,1.6,21.6,4.1,13.3,37.8,67.7,16.7
2018,12,10,4.8,21.7,6.4,13.0,46.9,78.4,12.0
2018,12,11,0.2,20.2,4.9,12.2,50.6,85.1,22.2
2018,12,12,0.2,20.8,3.9,11.8,46.9,NA,NA
2018,12,13,0.0,19.8,6.7,12.3,51.0,NA,NA
2018,12,14,0.0,22.1,3.4,13.0,55.2,NA,NA
2018,12,15,0.0,17.5,5.7,11.5,59.3,NA,NA
2018,12,16,14.0,17.1,5.3,10.8,63.4,NA,NA
2018,12,17,15.8,15.7,3.6,8.4,67.6,NA,NA
2018,12,18,7.8,12.8,6.6,8.9,71.7,NA,NA
2018,12,19,1.2,14.1,5.2,9.0,79.2,97.7,59.1
2018,12,20,0.0,16.7,5.2,10.4,69.3,96.3,40.9
2018,12,21,0.0,17.2,4.3,10.5,65.4,92.9,34.8
2018,12,22,0.0,17.4,5.7,10.7,62.7,86.5,33.4
2018,12,23,0.0,16.9,5.0,10.7,65.6,88.5,40.1
2018,12,24,0.0,15.4,6.3,10.7,62.6,83.3,41.8
2018,12,25,0.0,18.1,4.9,10.8,62.9,87.0,32.6
2018,12,26,16.2,15.8,6.5,10.5,68.7,84.2,47.7
2018,12,27,3.2,16.1,5.8,10.4,76.7,99.2,42.5
2018,12,28,3.4,14.7,5.9,10.0,79.4,98.4,54.1
2018,12,29,0.4,13.9,5.4,9.3,80.8,95.0,59.3
2018,12,30,2.8,13.3,7.3,8.8,84.4,92.1,63.8
2018,12,31,0.0,14.5,5.5,10.1,72.8,94.3,51.2
2019,1,1,1.2,18.6,5.4,11.4,67.9,91.8,36.7
2019,1,2,0.0,15.4,7.3,10.6,73.3,91.2,46.0
2019,1,3,0.8,14.8,7.3,10.4,73.4,89.2,52.7
2019,1,4,1.0,13.8,7.0,9.8,79.1,96.1,61.4
2019,1,5,2.8,14.1,6.2,9.3,84.3,97.6,59.0
2019,1,6,0.0,18.2,7.3,11.7,64.8,99.2,30.5
2019,1,7,0.0,18.7,2.6,11.0,45.7,80.8,16.0
2019,1,8,0.0,20.0,5.4,12.7,49.5,81.9,18.4
2019,1,9,0.0,20.8,5.5,12.6,47.8,81.0,16.4
2019,1,10,0.4,17.6,5.0,11.3,60.5,87.6,29.8
2019,1,11,0.0,16.6,6.5,10.9,60.8,77.3,34.9
2019,1,12,0.0,17.5,3.8,10.6,64.0,90.6,35.1
2019,1,13,2.4,17.6,5.5,11.1,65.4,90.2,39.2
2019,1,14,1.2,18.8,5.9,11.8,66.0,96.5,32.8
2019,1,15,0.0,19.1,7.3,12.5,63.0,95.2,33.5
2019,1,16,0.0,19.0,7.4,11.3,63.3,81.9,30.1
2019,1,17,1.4,18.8,7.4,11.7,65.7,91.3,40.7
2019,1,18,1.6,15.8,7.1,11.0,64.7,89.4,40.6
2019,1,19,9.8,16.0,6.6,9.4,82.6,94.8,45.4
2019,1,20,0.0,19.0,6.2,12.1,68.0,97.6,29.2
2019,1,21,0.0,19.9,6.0,13.2,52.4,82.7,24.5
2019,1,22,0.0,18.9,5.3,12.2,56.2,80.4,33.7
2019,1,23,0.0,17.8,5.2,11.3,60.7,87.1,34.7
2019,1,24,0.0,19.5,5.0,12.9,52.3,85.9,21.9
2019,1,25,0.0,18.1,8.3,13.1,44.0,75.7,20.3
2019,1,26,0.0,17.4,4.9,12.0,55.5,84.8,34.4
2019,1,27,1.0,14.8,6.7,11.2,64.0,81.3,49.9
2019,1,28,0.0,18.2,6.8,11.7,64.5,92.9,34.2
2019,1,29,3.4,16.2,7.9,11.0,65.6,79.1,44.3
2019,1,30,2.8,16.2,6.0,10.1,72.0,93.2,47.2
2019,1,31,17.6,11.9,6.7,8.5,88.7,95.6,69.9
2019,2,1,2.6,14.4,5.8,8.8,83.8,99.5,58.8
2019,2,2,0.2,13.2,6.0,8.3,83.0,97.3,58.8
2019,2,3,0.2,15.0,7.3,10.3,69.0,82.0,52.6
2019,2,4,8.6,15.6,6.9,10.2,72.7,93.3,54.8
2019,2,5,11.0,14.3,5.9,8.8,85.6,99.9,60.0
2019,2,6,4.6,13.3,5.0,7.9,82.4,96.4,60.8
2019,2,7,0.0,17.4,4.0,10.9,56.4,90.4,24.4
2019,2,8,0.0,17.5,3.4,11.1,57.1,86.0,23.5
2019,2,9,16.2,16.5,6.0,11.1,66.4,96.8,45.8
2019,2,10,5.8,13.6,4.5,8.3,83.8,97.7,64.4
2019,2,11,8.4,16.0,4.5,9.9,78.8,97.8,48.9
2019,2,12,26.2,16.1,6.6,9.6,86.3,98.9,50.7
2019,2,13,0.0,13.5,5.3,8.5,86.2,99.5,62.2
2019,2,14,0.0,15.4,5.8,10.3,80.6,95.7,59.3
2019,2,15,1.6,14.8,6.9,9.8,83.6,98.0,60.4
2019,2,16,9.4,15.9,6.9,9.9,83.4,95.0,59.8
2019,2,17,3.8,19.0,7.7,11.4,78.8,96.3,41.5
2019,2,18,0.0,18.9,6.1,12.1,69.5,95.6,37.2
2019,2,19,18.2,17.8,6.5,10.6,74.2,92.0,46.7
2019,2,20,0.0,16.9,6.3,10.8,72.3,93.6,45.8
2019,2,21,0.0,17.8,5.6,11.2,69.5,92.4,40.3
2019,2,22,0.0,19.2,5.7,12.0,64.7,90.6,28.9
2019,2,23,0.0,19.4,4.7,12.5,55.4,87.8,26.0
2019,2,24,0.8,17.9,6.4,10.0,69.8,86.8,37.8
2019,2,25,0.0,18.4,3.1,10.1,68.6,93.7,34.1
2019,2,26,0.0,17.1,6.3,10.8,69.3,95.5,36.5
2019,2,27,1.2,16.6,5.6,9.7,72.2,90.5,38.9
2019,2,28,0.0,16.7,4.2,10.1,68.8,93.2,42.4
2019,3,1,0.6,18.4,4.4,11.3,65.4,88.9,34.2
2019,3,2,0.0,18.2,5.3,11.4,64.7,90.9,34.3
2019,3,3,0.0,16.2,5.7,10.4,70.4,93.6,45.3
2019,3,4,0.0,19.7,3.4,11.2,59.9,92.3,29.6
2019,3,5,0.0,16.3,5.0,10.9,61.7,84.3,40.0
2019,3,6,0.0,16.7,4.9,10.9,64.8,91.3,39.3
2019,3,7,0.2,17.7,3.1,10.3,64.0,86.4,32.9
2019,3,8,0.0,18.6,4.1,11.2,57.1,82.3,33.3
2019,3,9,0.0,16.3,6.2,10.5,62.0,83.8,40.1
2019,3,10,5.0,18.0,4.6,9.4,68.1,88.4,38.1
2019,3,11,0.0,19.0,2.8,10.0,68.4,94.9,33.2
2019,3,12,2.8,17.9,5.1,10.7,65.8,88.2,39.0
2019,3,13,1.4,16.3,3.4,9.4,75.6,95.6,44.8
2019,3,14,1.4,14.9,5.5,9.7,74.8,90.2,55.6
2019,3,15,12.2,15.9,4.1,9.9,73.3,91.5,48.6
2019,3,16,9.6,13.7,5.9,8.9,83.8,96.5,63.5
2019,3,17,0.0,17.2,4.2,10.4,66.0,94.3,33.6
2019,3,18,0.0,15.1,3.3,8.0,77.1,92.9,46.0
2019,3,19,0.0,18.0,3.1,11.1,65.5,93.1,37.7
2019,3,20,0.2,13.9,5.2,8.7,77.9,92.3,53.2
2019,3,21,0.0,18.7,3.4,10.2,64.9,91.0,28.0
2019,3,22,0.0,18.9,2.5,10.8,58.8,91.0,26.0
2019,3,23,0.0,20.0,4.0,14.1,45.0,86.4,21.3
2019,3,24,1.0,17.9,3.2,10.7,60.8,86.8,24.3
2019,3,25,0.0,16.1,5.0,9.8,70.2,92.4,42.1
2019,3,26,0.0,14.1,6.3,9.6,71.3,88.4,46.7
2019,3,27,3.4,13.7,5.2,9.0,76.8,91.2,57.7
2019,3,28,0.0,15.2,5.9,9.8,74.4,97.7,45.2
2019,3,29,0.0,16.3,2.9,9.9,66.0,88.2,41.3
2019,3,30,0.0,17.0,5.3,11.1,62.0,84.1,38.1
2019,3,31,5.6,17.6,3.5,10.9,67.7,89.8,41.5
2019,4,1,3.6,15.5,6.8,10.4,76.6,95.3,52.9
2019,4,2,12.6,15.1,5.4,9.4,79.0,97.2,56.3
2019,4,3,10.0,12.9,4.6,7.8,89.9,98.9,65.0
2019,4,4,0.0,15.8,4.0,8.6,61.8,96.2,30.9
2019,4,5,0.0,15.4,1.3,7.2,57.6,85.4,28.2
2019,4,6,0.0,14.1,0.1,6.8,59.0,89.7,28.7
2019,4,7,0.0,15.7,-1.2,7.9,61.1,91.2,28.9
2019,4,8,0.0,17.9,0.5,8.9,57.0,91.6,18.5
2019,4,9,0.0,18.5,1.6,9.9,54.2,84.9,18.4
2019,4,10,0.0,19.0,2.9,10.7,54.2,84.2,23.1
2019,4,11,0.8,16.5,5.6,10.4,54.7,92.3,34.2
2019,4,12,0.0,16.4,3.3,8.9,69.1,93.5,37.7
2019,4,13,0.0,16.5,-0.8,7.8,45.8,76.6,18.3
2019,4,14,0.0,17.5,-0.7,9.1,45.7,77.4,19.7
2019,4,15,0.0,18.8,3.5,11.2,55.5,84.9,25.8
2019,4,16,0.0,14.5,4.5,9.9,64.0,87.1,44.6
2019,4,17,0.0,17.2,4.2,10.0,65.7,88.4,39.4
2019,4,18,0.0,19.3,2.7,11.1,56.1,87.9,22.8
2019,4,19,0.0,18.4,3.4,11.0,57.7,84.2,29.2
2019,4,20,0.0,18.8,2.4,10.4,61.1,88.3,30.9
2019,4,21,0.0,18.7,3.6,10.8,52.8,83.5,26.5
2019,4,22,0.2,19.3,1.1,10.2,55.3,88.8,16.6
2019,4,23,0.0,14.2,6.4,10.3,63.7,83.3,48.1
2019,4,24,0.0,14.8,5.2,9.9,65.1,83.1,46.6
2019,4,25,0.0,18.6,4.9,10.9,61.2,82.4,38.3
2019,4,26,0.0,17.8,6.0,10.8,60.5,78.2,34.3
2019,4,27,0.0,17.9,2.7,9.6,56.8,89.5,16.3
2019,4,28,0.0,17.3,0.5,9.2,52.7,87.9,22.9
2019,4,29,0.0,18.3,1.1,9.6,41.9,74.5,13.7
2019,4,30,0.0,16.0,2.8,9.1,55.4,75.0,26.7
2019,5,1,2.0,15.9,2.8,8.4,70.0,87.4,41.0
2019,5,2,0.0,18.7,1.5,9.7,56.4,93.0,10.2
2019,5,3,0.0,17.2,-4.3,7.0,33.6,62.3,7.6
2019,5,4,0.0,18.8,-1.3,9.2,45.5,66.8,16.8
2019,5,5,0.0,16.6,2.0,9.0,59.7,86.0,27.6
2019,5,6,0.0,16.7,1.7,9.5,59.1,85.9,32.2
2019,5,7,0.0,19.0,1.8,9.2,62.4,86.2,26.8
2019,5,8,0.0,16.3,0.6,9.1,62.6,90.1,33.0
2019,5,9,0.6,17.3,1.8,8.8,67.5,90.8,28.6
2019,5,10,0.0,19.0,0.7,9.5,59.4,93.6,25.5
2019,5,11,0.0,17.6,0.6,8.9,42.5,65.1,22.0
2019,5,12,0.0,13.1,-1.0,6.2,45.4,63.5,18.9
