NA NA NA NA 0 14.2 0 0 6.7 18.6 3.4 109.4
132.4 84 41.5 30.8 0 0 0.1 35.3 24.5 0 0 65.4
87.9 204.2 88.7 4 6.8 0 0 0 2.8 8.2 58.8 105
168.4 100.4 53.7 25.1 0 0 14.2 11.9 1.5 4 44.1 144.7
188.7 31.8 104.5 6.2 2.9 0 6.3 0 3.9 22.8 22.4 145.7
51.8 28.9 111.6 9.7 2.3 0 14.3 6.7 27.3 47 9.4 56.4
101.3 132.6 69.9 25.7 0 0 0 25.9 14.9 12.5 12.2 119.1
195.9 16.7 80.6 40.7 0 0 0 0 33.3 57.7 19 10.6
12 44.9 45 12.5 0 0 0 3.7 47.3 3.9 13.4 101.6
222.6 195.9 81.4 18.4 0 16.7 0 0 0 44.7 140.2 51.2
158.9 162.8 59.2 95.6 0 29.1 0 7.5 16.6 0 198.5 63.7
74.4 76.7 208.6 19.7 0 0 0 17 0 0 11.8 216.7
218.2 32 9.5 7.9 13.7 3.6 21.7 0 7.6 87.7 60 19.3
172.4 12.9 177.2 93.5 0 5.2 0 0.4 28.9 0 0 73.8
123.8 76.4 105.4 14.4 0 0 0 0 2.5 3 35.9 36.5
150 36 36.9 9.6 5.2 43.6 0 9.2 0 26.1 44.8 62.7
142.8 66.9 107.8 17.5 0 17 1.4 1.6 4.5 17.8 24.4 39.5
104.9 16.6 3.6 17.3 0 0 4.5 NA 3 34.8 34 64.3
164.5 18.7 68.6 13.4 0 0 0 41.1 9.3 59.4 37 139.5
88.5 101.4 21.9 89 2.7 0 0 NA 0 0 9.9 11.5
90.8 NA NA NA NA NA NA NA NA NA NA NA
182.6 72.6 29.3 4.3 7 0 0 5.8 0 2.5 36 91.5
211.1 181.4 51.8 17.2 0 0 0 20 24.2 8 75.3 12.5
110.9 13.5 1 26 0 21.5 0 NA NA NA NA NA
NA 110.3 48.8 0 0 0 0 0 18 34.1 0 7.2
220.1 113.4 95 0 0 0 0 0 0 35.7 0.8 107.8
230.1 216.5 68.7 5.2 0 0 0 6.2 0 6.5 15.9 41.1
65 142.5 83.3 41.1 19 12.3 12.7 0 0 15.6 32 41.3
46.2 102.5 72.4 12.7 25.2 0 1.6 3.5 0 0 0 100.4
180.2 132.7 57.4 0 0 0 37.2 42.1 0 0 7.7 30.9
82.7 56.2 13.9 0 0 0 0 0 10 3.4 38 133.9
264.7 93.6 100.7 3.5 0 0 0 0 0 7.6 61.5 62.7
91.5 76.8 114.1 0 0 0 0 0 0 19.2 54.1 57.9
175.6 48.3 48.8 0 0 0 0 0 0 0 0 94.1
46.2 82.8 104.2 NA NA 0 0.8 0 NA NA NA NA
NA NA NA 117.5 4.5 40.8 0 3 2 24 1 117
77.5 155.9 107 5 3 0 4 0 2 0 6 98.5
78.5 192.3 113 38.8 0 0 0 0 2 9 12 84
111.1 138 29.5 6.5 22 14 0 24 0 39 2 143
NA 62 36 17 0 0 0 8 15.9 16 11 39
155.4 61.5 73.7 52 0 0 2 3 6 19 32 47
47 154 41 72 0 1 5 0 0 0 0 65
102 68.8 42.6 16 11.8 0 0 0 29 27 9.5 47
109 192 51.2 8 0 20.6 62.6 0 2 15.4 30.2 35.6
118.4 136.2 77.5 47.3 6.5 1.5 4 0 44.3 28 19.7 67
106.3 169 114 16 0 0 0 0 16 31 1 118
134.4 237.9 47.1 19.6 10.1 9.7 0 1.7 27.1 10 11.8 56.5
149.6 57.3 62.6 38.8 0.5 0 28.6 24.7 83.5 1 12.7 55.3
96.5 95.3 97.3 1.1 15 NA 4.5 11.3 33.6 40.3 64.4 102.5
90.6 118.5 46.1 8.1 0 0 0 19.5 4.5 7 28.9 71
171.4 45.2 88.1 35.9 0 0 12.5 0 5.1 19.2 40.1 102
28.1 51.6 45.6 14.7 3.4 0 10 10.5 63 33.3 3.1 9.6
124.3 139 59.7 3.6 0 0 0 19 78.5 21.3 11 77
122.7 50 130.9 6 0 0 0 0 45.4 5 48.1 22.4
53.7 57.2 12.7 7 0 0 1.7 34.1 11.6 19.3 7.6 15.5
180.3 209.5 139.8 7.8 0 10.8 0 18.9 0 2.6 73.6 30.5
201.9 147.9 86.6 78.7 0 9.4 0 10.4 52.6 0 65.5 106.1
38.5 54.9 70.5 9.3 4.3 1.4 0 14 39.3 20.1 24.9 102
177.1 0.8 65.8 0.6 9.5 5.1 24.5 5.7 27.7 50.6 42.3 11
54.7 84.3 115 50.9 7.9 0 0 0 35.5 15.1 4.1 27.6
47.3 41.7 52.8 61.4 3 7.9 4.7 0 8 16.9 31.6 17.8
117 62.1 18.9 5.3 16.3 35.6 0 6.5 3 29.9 42.4 63.4
60.2 38.5 60.2 5.9 0 2.7 1.4 2.1 1.1 7.3 5.2 21.3
77.5 54 12.1 4.9 0 13.5 7.2 2.9 0 14 37.9 71.8
143.8 37 58.3 11.8 0.4 1.5 1.5 5.1 43.9 18.7 64.9 58.9
43 79.9 21.5 21.2 0 0 0.5 6.2 3.9 10.5 31.5 86.4
57.4 94 63.5 4.3 0 0 0 24.4 10.2 3.1 19.7 70.3
121.6 37.1 33.9 8.6 2.5 0.3 0 14.3 11 2.4 53.9 97.3
151.4 82.4 71.8 9.1 0 0 0 10.4 84.3 8.1 49.4 23.6
51.1 61 36.5 34.2 0 22.6 0 4.4 9.7 30 68.2 26.1
84.7 95.9 160.3 27.5 0 1.2 1.7 0 49.9 49.4 14.3 44.2
140.1 58.1 37.3 1.8 1.5 12 0 18.6 1.6 39.1 1 68.8
188 116.4 60.6 10 0.8 8 0.4 12.3 6.8 45.3 23.7 66.9
40.8 111.6 99 25.3 3.8 0 13.3 20.1 10.7 16.9 35.7 38.6
70.8 61.6 35.6 5.7 7.1 0 12.9 6.6 4.7 26.8 9.1 59.8
56.6 21.7 29.6 8.1 0 0.8 11.5 30.1 1 3.9 18.8 52
130.4 131.8 47.6 34.5 0 0 0 0 51.9 29.3 53.6 57.5
193.5 43.7 60.9 32.7 0.4 0 0 2.7 22.4 32.6 35.9 20.9
81.1 64 74.5 35.1 10.4 0 13.6 2.4 16.3 16.8 60.3 46.8
117.2 27.9 49.2 12.6 0 0 0 6.8 1.6 22.9 19.2 88.8
69 112.8 72.3 18.7 1.4 0 9 0 49.5 7.6 47.1 184.1
142.1 101.6 45.3 30.7 15.6 0 3.1 11.8 25.2 30.4 2.6 73.2
25.3 168.5 74.8 23 5.2 0 4.2 3.2 9.2 2.8 11.3 154.7
152.1 126.2 126.8 20 0 0 5.8 0 1.6 11.8 16.2 101.6
108.6 113.3 22 2.2 8.7 55.1 3.8 38.5 5.8 37 30.2 187.5
233.1 66.8 24.6 12.4 9.8 0 1 29 80.8 55 12.7 71.7
131.2 83.8 37.4 65.5 3.8 0 8.2 35.8 26.5 57.1 40.4 29.4
54.2 75.7 8.2 19.8 0 2.2 2.3 0.4 0.7 39.8 16.8 44.8
125.4 54.9 59.8 33.4 38.9 0 2 0 18.3 14.2 31.4 54.8
65.7 102.5 51.9 0.4 9.8 44.3 25.8 6.9 3.2 10.7 25 171
60.9 92 36.3 NA NA NA NA NA NA NA NA NA
NA NA NA NA NA NA NA NA NA NA NA NA
NA NA NA NA NA NA NA 0 10.2 1.9 0 109.1
167.7 84.6 7.3 0 5 0 2 12 22 0 0 0
33 74 135 0 NA 0 0 0 0 2 0 12
13.6 13 1.1 0 0 0 0 0.2 0 0.4 15.7 6.2
259 6 67 0 0 0 0 0 0 0 0 39
1.2 1 1 0 0 0 0 0 0.2 0.2 0.2 0
26.2 68.3 1.4 0 0 0 0 1.2 3 0 9 125.5
146.9 7 0 0 0 0 0 0 13.3 17.2 1.3 13
4.9 8 14 0 0 0 0 0 30 0 0 2
35 40.5 9.4 8.1 0 0 0 0.8 0 75.5 40.4 4.5
NA NA NA NA NA NA NA NA NA NA NA NA
NA NA NA NA NA NA NA NA NA NA NA NA
NA NA NA 22.2 0 0 NA 0 NA NA 52.9 NA
NA NA NA NA NA NA NA NA NA NA NA NA
NA NA NA NA NA NA NA NA NA NA NA NA
NA NA 38.2 12.1 NA NA 0 0 0 30.3 48.8 74.6
127.4 78.6 38.2 13.8 0 0 0 0 0 20.6 3.3 5.5
181.4 24.1 3 0.7 0 4.7 0.8 0.6 0 35.3 37.6 62
100.1 19.6 107.7 1.4 0.4 0 0 26.1 2.4 28.7 61.6 41.5
71.7 128.6 3.6 5 2.8 0 0.3 0 0.2 0 11.4 144.2
97.5 49.3 44.2 0 0 0 0 0 0 2.3 17.6 52.5
121 38.7 43.6 16 6.2 0 0 24.1 0 NA 27.5 NA
NA NA NA NA NA NA NA NA NA NA NA NA
NA NA NA NA NA NA NA NA NA NA NA NA
NA NA NA NA NA NA NA NA NA NA NA NA
NA NA NA NA NA NA NA NA NA NA NA NA
NA NA NA NA NA NA NA NA NA NA NA NA
NA NA NA NA NA NA NA NA NA NA NA NA
89 55 0 0 0 0 10 2.2 NA NA 0 0
0 0 0 0 0 0 0 0 0 0 0 0
0 121.9 16.6 18.8 0 0 0 0 0 0 0 16.8
126.5 67.4 71.8 2.2 0 0 0 0 0 10.1 12.9 28.8
126.8 40.7 66.3 18.5 0 0 0 0 8.9 7.7 37.5 40.8
147.4 5.4 27.2 0 0 0 0 4.7 0 8.3 3 85
26.1 106.1 79 17.5 0 0 0 0 0.4 0 23.4 124.5
144.7 102 12.9 15.3 3.3 0 0 0 14.4 9.1 0 13.4
53.5 254.1 80.3 11.1 14 0 14.4 0 12.5 0 15.7 117.9
146.4 132.3 29.9 21.7 0 0 0 NA 0.8 NA NA NA
97.1 97.5 34.6 2.2 4.5 36 28.7 39.4 NA NA NA NA
110.2 46.2 5.5 0 0 12.5 23 23 5.6 23 3.4 0.8
5.8 83.8 57.4 43.6 0 0 0.6 1 0 15.8 21.5 0.5
40.3 104 0.6 29.6 0 0 0 0 0 10.3 4 14.6
113.3 106.4 85.2 16 2.2 0 0 0 6.3 13.3 11.6 43
121.1 221.1 26.5 0 NA NA NA NA NA NA NA NA
141.5 235 35.7 25.5 0 NA 4 0 26.1 3.9 12.8 68.6
23.7 53.1 77.8 0.5 0 0 0 0 0 29.8 NA NA
NA NA NA NA NA NA NA NA NA NA NA NA
NA NA NA NA NA NA NA NA NA NA NA NA
NA NA NA NA NA NA NA NA NA NA NA NA
NA NA NA NA NA NA NA NA NA NA NA NA
NA NA NA NA NA NA NA NA NA NA NA NA
NA NA NA NA NA NA NA NA NA NA NA NA
NA NA NA NA NA NA NA NA NA NA NA NA
NA NA NA NA NA NA NA NA NA NA NA NA
NA NA NA NA NA NA NA NA NA NA NA NA
NA NA NA NA NA NA NA NA NA NA 39.7 10.5
28.5 110 29.2 NA 0 0 0 0 0 0 92.5 135.5
14.2 34.4 25.5 9.5 0 0 0 0 0 8.3 28.7 102.3
92.3 35.5 25.8 0 0 0 0 0 0 11.9 7.2 38.4
60.5 40 20.3 22 0 0 0 0 0 11.9 11 23
0 4.5 14.8 10 0 0 0 0 0 0 0 21
14 39.1 8 3.5 0 2.9 0 0 0 0 24.5 55.5
99.1 22.5 50 6 0 0 0 0 0 13 8.5 3.5
104 52.9 12.5 0 0 2.4 0 0 0 1.5 34.6 42.9
94.3 69.3 27.6 0 2.1 0 0 19.8 5.5 3.5 NA 58.9
81.9 51.1 13 2 0 0 0 0 1 2.5 8.5 95.5
72.2 NA NA NA NA NA NA NA NA 0 0 48.5
62.5 75.1 7 1.5 0 0 NA 3 0 0 16 44
121.5 67 39 0 0 0 0 NA 21 0 8 4
100.8 20 6.5 0 0 3.5 0 0 0 11.5 35.1 20
39.2 81.9 71.5 0.6 0 0 2 0 7.3 2.5 0 23.9
NA NA NA NA NA NA NA NA NA NA NA NA
NA NA NA NA NA NA NA NA NA NA NA NA
NA NA NA NA NA NA NA NA NA NA NA NA
NA NA NA NA NA NA NA NA NA NA NA NA
NA NA NA NA NA NA NA NA NA NA NA NA
NA NA NA NA NA NA NA NA NA 0 57.2 55.5
130.3 43.3 62.3 15.1 12.5 0 0 0 0 1.5 11 26.7
114.5 23 52.6 0 0 0 0 0 0 0 53.5 40.2
118.8 49.7 22.1 NA NA NA NA NA NA NA NA NA
NA NA NA NA NA NA 0 0 8.6 0 31.1 137
236.2 213.4 19.5 6.5 17 0 0 0 10.5 0 0 19.5
79.6 133.7 87.1 24.5 12 0 NA NA NA NA NA NA
NA NA NA NA NA NA 0 0 0 13.1 5.6 225.7
176 173.7 62.1 0 12.4 10 0 15.5 6.5 17.5 0 252.1
466.5 105.2 0 25 0 0 0 15 7.5 34.5 12.5 63.5
194.3 180.3 139.6 35.4 15.5 0 0 0 0 0 0 16.8
127.7 350.9 0 0 0 0 5 0 41.2 0 0 NA
NA NA NA NA NA NA 0 0 0 7.5 15.2 95.2
142.9 185.6 58.6 0 0 12.1 15.6 NA NA NA NA NA
NA NA NA NA NA NA NA NA NA NA NA NA
90.6 127.9 56.6 NA NA NA NA NA NA NA NA NA
181.7 91.6 45.7 15.7 6.5 5.3 0 4.8 35.8 19.6 16.9 62.6
138.9 31.5 33.6 19.7 3.3 10 30.2 27 54.7 6.4 7.3 43.5
72.9 70.9 112.2 20.2 19.7 0 16.2 0 35.5 32 58.9 93.6
87.8 102.9 45.3 23.4 0 0 0 23.1 14.2 5.5 71.8 82.2
197.8 64 75.5 31.9 0 1.5 18.4 0.9 12.1 46.2 21.8 122.4
48.8 40.5 91.4 13.1 0 1.4 15.1 18.2 86.4 13.9 22.9 56.6
123.9 112.8 55.9 16.1 7.6 0 0 20.4 14.1 54.8 24.9 69.7
157.8 25.1 65.2 33.4 0 2.1 0.9 5.3 35 35.5 44.7 19
36.7 37.1 5.3 36.4 12.6 2 6.5 36.5 40 18.2 12.7 58.6
207 152.7 97 10.8 NA NA 1.4 9.2 0.6 29.4 55.1 75.9
130 76.5 29.1 48.2 10.8 0 3.4 19.6 35.7 10.8 36 89.7
105.8 64.1 48.7 25.9 9.2 0 0 3.6 13.4 9.2 6.3 113
137.6 21.7 41.1 15.5 1.3 11.7 25.7 2 26.3 45.5 45.8 29.8
105.9 62.1 114.1 38.9 6.9 0 0 0 18.6 45.3 24.4 50.1
70.8 27.2 54.6 29.9 5.4 0 2.9 NA 21.4 2.6 19.6 18.2
70.8 23.1 20.2 26.6 27.3 44.1 0 4.5 1 55.8 33 53.6
94.2 59 34.5 18.7 2.5 21.7 0.8 3.5 13.1 16.5 59.3 42.1
119.7 49 17.4 5.2 0.3 6.2 4.2 15.2 0 54.6 58.3 35.2
133.6 21.7 53.9 24.5 4.7 0.7 0 17.6 26.6 35.4 NA 74.9
59.5 46.1 35 28.1 4.5 0 0 0 2.2 8.2 21.7 66
79.8 54 73.4 9.9 1.9 0.4 0 10.8 22.4 20.5 31.8 113.3
122.3 11.5 21.9 20.2 0.4 2.5 0.4 3.5 25.7 15.7 69 128.3
149.4 78 85.3 20.1 0.7 0 0 19.6 48.2 7.4 21 45.5
72.9 59.7 61 15.6 1.7 25.3 0 6 12.9 41.7 73.6 20.1
76.6 86.1 111 28.2 2.7 0.7 0.8 2.2 40.8 53.9 15.6 35.5
107.7 68.5 66.4 0.6 1.5 16.5 0 16.1 1.9 63.4 10.2 121.2
158.3 122.3 57.1 4.9 1.2 11.8 20.4 14.3 8.2 62.5 17.7 69.7
63.1 58.4 47.6 26.5 3.8 0 40.9 1.7 7.2 44.1 40.8 59.8
102.6 82 52.2 1.5 2.5 0 0 0 0 17.7 6.6 79.4
116.1 24.7 23 29.9 3.4 0 27.3 38.7 5.3 1.5 28.9 26.9
72.5 55.2 24.4 10.5 0 0 0 2 43.9 43.4 55.2 43.1
154.2 52.3 28.6 8.4 0 0 0 5.8 28.1 34.3 63.7 51.6
55.3 57.3 NA 0 5 0 19 3.3 16.3 7 18 41.3
130.1 13.3 18.2 8.5 0 2 0 0 2.3 21.2 18.5 75.7
48.4 88.3 17.1 13.5 0.4 0 0 0 7.2 10 41.7 67
50.8 77.6 18.1 21.7 18.3 0 0 2.8 7.7 37.8 0 49.6
25.1 153.9 65 0 3.8 0 0 0 17.6 5 7.2 57
69.8 76.3 18.1 19.5 0 0 0 1.8 0 2.5 13 44.1
45.3 58.6 10.9 0 13.9 22.1 3 30.3 0 19.5 10 44.3
105.4 25.6 29.1 6.7 8.6 0 2.7 4.8 26.7 9 2.1 39.3
80.8 52.2 40.2 43.6 7.1 0 1.7 21.2 24.3 42.2 50.6 47.8
71.6 88.9 0 32.3 0 17.8 3.2 2.1 3.8 47.3 3.5 56.6
33.9 38 52 22.4 54.3 0 2.9 0 50.2 28 10.5 33.6
77 89.1 17.2 0 0 20.5 22.6 0 1.5 31.3 5.6 57
38.1 97.7 3.7 21.2 1.8 3.8 3.9 0 44.8 28.5 64 9.8
58.9 103.8 53.5 5 0 2 0 0 16.3 19.7 5.5 49.4
NA NA NA NA NA NA NA NA NA NA NA NA
NA NA NA NA NA 0 1.6 13.7 31.7 3.6 33.8 64.1
51.2 94.7 60.1 5.5 4.1 0 0 25.9 11.6 49.1 41.8 106.9
165.5 85.6 52.9 10.3 0 0 0 0 3.2 20.1 23.6 114.8
291.2 41.8 77.9 16.1 0 0 0 0 0 22.2 26.4 95.3
76.4 54.4 51.2 0.9 0 0 5.3 20.9 14.7 62.4 6.4 54.7
125 112.2 52.3 18.8 0 0 0 19.1 34.5 27.1 35.8 73.1
103.9 78.2 78.7 37.9 1.7 0 0 0 32.8 44.8 34.6 43
45.8 81.1 26.1 25.7 0 0.2 3.5 2.1 5.3 13.8 34.5 24.8
234.7 93.4 62.1 28.8 0 1.7 0 0.9 0 44.5 50.5 95.8
80.5 165.8 74.4 32.4 5.5 0 0 0 25.7 0.8 112.1 154.5
122.4 81.3 65 39.4 0 0 0 0 0 7.3 41.1 107.2
47.5 34.4 27.1 28.2 0 3.2 3.6 0 3.1 68.8 26.2 57.5
74.9 84.9 172 36.2 2.5 0.6 0 0 5.7 16.4 7 64.2
71 20.9 57.1 166.5 0 0 0.4 0 6.8 7.2 32.6 72.7
88.2 55.4 12.8 43 4.5 11.5 0 8.8 0 30.3 43.8 92.5
93.3 85.3 85.3 18.6 0 0 0 0.5 1.7 22.5 46.5 76.2
126.9 81.6 43 1.1 0 6.7 3.9 7.4 0 23.8 56.8 41.4
138.8 48 NA NA NA NA NA NA NA NA NA NA
NA NA NA NA NA NA NA NA NA NA NA NA
NA NA NA NA NA NA NA NA NA NA NA NA
NA NA NA NA NA NA NA NA NA NA NA NA
NA NA NA NA NA NA NA NA NA NA NA NA
NA NA NA NA NA NA NA NA NA NA NA NA
NA NA NA NA NA NA NA NA NA NA NA NA
NA NA NA NA NA NA NA NA NA NA NA NA
NA NA NA NA NA NA NA NA NA NA NA NA
NA NA NA NA NA NA NA NA NA NA NA NA
NA NA NA NA NA NA NA NA NA NA NA NA
NA NA NA NA NA NA NA 15.9 9.6 1.6 21.4 51.3
72.4 102.5 23 26.7 0 0 0 0 40.7 52 38.9 56.4
110.5 44.1 42.3 17.2 1.2 0 0 2.6 8 20.1 32.7 29.9
104.3 41.7 72.2 25.5 1.2 0 0 2.8 36.4 11.2 44.4 85.3
NA NA 71.5 10 0 0 0 0 0 20.3 12.1 62.6
120 123 102.6 11 1.6 0 0 0 3.7 7.9 34.5 77.2
136.6 70.7 38.2 30.1 4.9 0 0 4.4 3.3 12.4 5.3 67.1
65.1 191.9 85.6 30.7 0.6 0 2.4 0 0 13.8 21.1 94.1
94.9 88.7 49 54.4 0 0 0 3 1.4 22.8 24.6 30.1
122.7 119.9 37.6 0 13.8 9.4 0 32.4 11.1 32.1 25.2 107.1
118.5 90.5 16.3 9.9 7.4 1.1 0 7.6 18.9 18.1 34.9 40.8
132.6 78.8 80.2 42.3 1.4 0 0 31.1 4 27.4 32.9 19.9
33.9 117.5 19.6 14 0 0 0.5 0 23.9 29.1 6.9 49.6
124.6 50.2 66.3 7 2.4 0 0.2 0 24 23.6 28.7 112.5
138.2 94 126.8 3.4 3.8 0 10.3 18.7 7.7 51.6 24 112.3
88.9 117.4 33.1 37.8 1.8 2.5 8.2 0 34.9 22.8 55.2 73
82.6 113.3 70.7 5.2 5.9 0 0 0 29.1 45.3 14.7 81.5
NA NA NA NA NA NA NA NA NA NA NA NA
NA NA NA NA NA NA NA NA NA 0 4 72
79.2 150 178 5.1 9.2 0 0 0 3.2 15.2 75.9 123.3
209.6 62.5 55.5 46.4 0 NA 0 4.2 0 15.5 84.4 139
NA NA NA NA NA NA NA NA NA NA NA NA
72.3 50.2 169.7 0 8.3 0 46.2 18.6 25.7 35.8 59.7 128.5
204.6 453.2 165.6 0 0 0 0 4.1 28.9 19.7 76.4 NA
337 133.9 64.9 6.4 0.4 0 0 0 21.6 34.1 41.3 10.3
23.3 50.6 7 3 0 0 0 12.3 23.5 0 6.2 69
617 580.4 108 0 0 18.2 0 0 0 29.4 74.7 165
89.5 77.9 48.7 0 0 0 0 9.3 7.2 2 88.6 81.8
140.6 123.9 131.6 118.8 0 0 0 20.6 17.4 13.1 64.2 151.9
136.8 12.2 0 0 0 0 0 0 0 20.6 24.3 20.5
144.1 16.2 139.9 26.4 0 0 0 0 7.1 0 0 13.7
44.7 25.2 47.5 37.1 0 0 0 0 0 1 3.3 4
84.8 9.5 6.3 19.3 0 0 0 7.8 0 38.8 35.2 39.5
54.2 21 48.3 0 0 0 0 0 0 12.1 4 12.1
20 12.6 0 0 0 0 0 5.1 0 3 NA 28.2
80.8 16.9 45.6 20.1 0 0 0 26.2 0 6.5 21.1 45.8
81.2 91.3 20 6.5 0 0 0 0 0 1.2 6.5 26
23.9 15 33.6 0 0 0 0 0 0 3.2 0 30.9
48.6 55.3 22.8 21.2 0 0 0 6 0 3.3 25.7 41
99.8 108.1 15.7 24 0 0 0 10.6 8.9 2.1 16.1 12.6
42.9 0 25.2 0 0 6.2 0 0 0 0 18.8 3.1
16 77.7 90.5 8.8 0 0 0 0 10.7 22.2 0 13.9
92.6 62.8 43.5 0 0 0 0 4.5 3.1 4.4 9.3 14.3
157.6 86.1 47.1 10.4 0 0 0 0 8 0 12.8 0
70.3 86.8 54.1 37.5 9.6 0 0 0 0 29.5 24.4 19.2
NA NA NA NA NA NA NA NA NA NA NA NA
51 24.5 9.1 12.9 0 0 17.9 3.8 12.9 11.2 3.6 0
4.4 108.9 24.5 6.6 0 0 0 1.1 1.1 20.8 2.2 2.3
83.5 12.4 176.3 1.5 3.2 0 0 2.1 2.2 8.3 17.3 37
45.2 60.4 36.2 0 0 0 0 0 7.5 4.6 22.1 35.7
40.2 21.8 17.7 0 0 0 0 0 1.3 6.3 10.9 45.8
62.5 12.3 58.9 1.2 0 0 0.5 0 6 12.4 44 49
71.7 100.1 11.5 2.5 0 0 0 1.1 1.3 0 5.9 54.5
98.6 155.1 32.4 46.4 0 0 0 0 0 6.3 18.3 51.6
53.2 112.9 74 7 0 0 0 0 4.7 19.8 42.7 95
59.7 56.5 49.8 0 0 0 0 0 13.1 63.7 26.3 64.9
48.9 33.9 50 55 0 0 0 2.4 0 9 15.2 46.9
76.9 94.6 104.7 2.5 0 0 0 0 0 0 26.1 27.7
9.3 40.5 8.4 0 0 0 0 0 0 9.9 14.4 40.1
22.9 28.1 41.3 10.2 0 0 0 1.2 8.5 10.7 25.4 24.1
81.2 91.2 82.7 22 0 0 25.1 6.8 2.3 6.6 7.7 54.5
154.9 163 123.9 NA 0 0 31 37.9 39.9 35.4 29 23.7
60.2 52.5 15.4 12.3 6.6 4.2 3.4 1.9 7 10.9 13.1 53.4
148.4 140.8 34.4 12.1 15.9 11.6 0 1.4 9.5 26.5 17.5 85.6
97.5 58.7 39.6 14.8 0.8 0 9.3 37.3 26.2 3.1 5.6 24.7
66.7 118.6 37.4 0 4.7 0 0 0 4.7 8.1 58.3 62
98.6 70.5 24.3 11.8 0 0 1.2 4 0.1 6 39.9 190
156.6 59.4 96.7 2.4 0.8 0.1 1.2 0 0 17.1 2 82.9
48.2 23.6 59.1 0 6.2 0.1 3.6 1.3 9.5 14.8 14.7 28.1
55 65.2 39.8 40.5 0 0 0 18.5 29.5 4 27 79.5
132.4 69.4 86.2 6.2 1 2 0 0 21.2 14.7 48.6 50.7
36.6 65.5 5.2 24.4 0 0 0 8.2 21.3 0.2 5.7 55.9
177.3 NA 90.1 3.1 5.8 14.8 0 5.5 0.3 27.9 83.6 51.5
117.4 108.3 58.1 46.9 2.6 14.9 0.1 1.5 31.9 2.4 61.4 93.5
61.4 48.3 88 39.6 0 0 0 0 0 0 0 78.5
184 46 23 7 3 1 7.5 0 0 44.5 66 3
151.5 37.5 141 48 22.5 13 0 0 0 11.1 0 53.5
154.1 45 47.7 15.3 0 3 6 2 2.3 16.8 15.5 27.2
79.8 43.1 21.9 14.8 5.8 40 0 16 2 64 21.4 78.6
160.9 51.5 81.1 19.5 0 17 0 0.2 0.1 21.4 25 90
90 29 17 3.1 0 0.8 0.5 20 1.2 33.2 35 62.2
151.7 23.8 47.3 3 1.2 1.2 0 33.4 11.4 46.4 30.2 95.4
80.1 170.6 26.2 13.5 0 1 0.1 0 0.4 1.4 21.8 93.5
63.1 53.7 93.1 0 0 0 0 9.1 7.9 0 18.8 68
162.7 54.4 23.9 49.4 9 0 0 23.2 1.5 1 42.7 166.9
234.6 260.9 64.9 28.6 0 0 0 23.5 78.3 0 29.2 65.6
93.5 94.8 18.5 31.4 0 8.9 0 0 2.5 6.6 37.4 16.9
43.2 108.3 127.3 46.3 2.8 0 0 0 0 65.8 1 17.8
133.1 66.1 115.3 0 0.7 1 0 0.5 0.7 25.2 0.2 78.3
198.9 94 126.1 19.8 0 0 0 3 0 3.3 7 82.5
72.1 114.2 45.1 31.3 2 16.4 7.2 5.2 0 40.1 23.1 65.8
116.7 74 92.7 5 0 0 2.5 7 0.7 0 3.5 77.6
162.9 90.5 64.8 6.9 5.3 0 38.7 35.4 1 0.3 13 35.1
100.4 115.8 40.3 2.5 0 0 0 0 23 17.3 46.8 100.5
259.7 81.4 53.3 9.3 0 0 0 0 1.5 31.6 40.6 73.1
57.8 50.8 125.8 11.4 1.8 0 0 0 5.9 25.1 25.9 91.7
199.7 44.4 37 1.6 0 0 0 4.6 0 21.5 7.9 103.5
99 95.3 54 56.2 0 0 2.5 0 10 5.4 80.3 115.1
143 89.8 41.6 34.8 23 0 0 3.5 29 43 4 46.8
80.9 93.4 74.6 20 3.3 0 8 0 4.5 2 39.8 143.3
122 139.6 98.7 18.5 0 0 NA 0 0 2.5 15 109.8
181.1 88.8 22.4 9.5 21 18 0 10 0 43 6 111.3
147.5 65.7 23.2 17.4 3 0 0 0 7 11.8 33.8 44
137.3 36.5 64.5 17.6 0 0 13 0 3.2 15.7 16.5 51
36.3 96.5 36.5 57.7 0 0 2.8 0 0.2 5.2 6.5 76.5
96.7 55.5 65.2 17.3 17.4 0 0 0 30.7 21.9 14.8 56.5
111.5 79.5 57.5 15.8 1.8 10.3 41.7 0 0.3 8.6 10.1 14.3
81.6 96.8 54.4 16.2 1.5 1.7 6 0 33.5 3.6 33.7 24.5
87.8 130.9 58.6 1 0 0 0 0 45.4 28 1.3 82.6
139 202.5 69 26 7 NA 0 0 25 40 NA 60
133 64 38 0 0 0 8 21.5 36.5 0 0 93.2
86.2 102.2 85.5 0 17.7 0 0 0 7.5 29 68.7 111.6
NA NA NA NA NA NA NA NA NA NA NA NA
328.2 11 62.3 15 0 0 0 0 0 6.5 19.9 90.4
16.6 15.1 86.9 6.1 1 0 9.2 15.1 3.2 45.8 2 7.6
73.3 105.1 57.8 19.1 0 0 0 25.4 51.3 2.9 28.4 63.3
57.9 38.9 78.9 2.2 1.3 0 0 1 29 5.3 48.2 40.5
30.5 43.3 22.2 1.5 0 0 2.5 22 21.5 20.5 9 39.3
207.6 139.9 105.6 15 0 1 0 26 4 51 73.1 58.2
84.2 123.2 36.7 51.4 0 NA 0 0 NA NA NA NA
NA NA NA NA NA NA NA NA NA NA 40.7 86.9
159.3 111.4 56.5 0 0 8.5 NA 20 0 36 40.7 NA
NA NA NA NA 19.8 7.4 0 0 32.2 14.1 0 94.7
48.2 47.3 65 41.7 0 1.5 0 0 0 8.1 25.3 9.6
122.9 18.1 55.6 3.3 4.5 34.3 0 0 0 49.7 86.6 110.1
106.2 36.5 49.9 16.7 0 0 0 0 0 18.6 38.9 45.9
107.5 39.2 27 0 0 8.3 0 3.1 0 9.8 48.2 69.5
77.9 14 93 0 0 0 0 14 16 25.4 39.5 45
101.3 53.5 13.8 11 0 0 0 0 1.8 31.5 13.4 79.9
105.5 52.5 29.5 0 0 0 0 2.5 1 0 2.3 60.4
NA NA NA NA NA NA NA NA NA NA NA NA
211.4 126.4 54 59.6 NA NA NA NA NA NA NA NA
NA NA NA NA NA NA NA NA NA NA NA NA
NA NA NA NA NA NA NA NA NA NA NA NA
NA NA NA NA NA NA NA NA NA NA NA NA
NA NA NA NA NA NA NA 11.3 10.7 NA NA NA
NA NA NA NA NA NA NA NA NA NA NA NA
NA NA NA NA NA NA NA NA NA NA NA NA
NA NA NA NA NA NA NA NA NA NA NA NA
NA NA NA NA NA NA NA NA NA NA NA NA
NA NA NA NA NA NA NA NA NA NA NA NA
NA NA NA 9.6 2 0 0.5 5.6 14.4 10.8 23.9 63
8.3 61.1 27.6 4.7 0 0 0 4.5 0 20.5 0 55
113 42.9 45.3 11.8 0 NA NA NA 9.8 0 23.8 81.7
87.8 74.6 18.8 3.2 37.2 0 0 NA NA NA NA NA
NA NA NA NA NA NA 0 0 0 0 8.1 85.7
96.4 130.4 40.8 32.4 0 0.2 0 0 0.4 NA NA NA
NA NA NA NA NA NA NA NA NA NA NA NA
NA NA NA NA NA NA NA NA NA NA NA NA
NA NA NA NA NA NA NA NA NA NA NA NA
5.6 109.6 2 16.4 0 1.2 0.8 0 4.8 14.4 2.2 36.8
74.6 65 41 5.4 NA 0.4 6.2 0 14 12 22.4 65.6
95.6 123 NA NA NA NA NA NA NA NA NA NA
NA NA NA NA NA NA NA NA NA NA NA NA
NA NA NA NA NA NA NA NA NA NA NA NA
NA NA NA NA 10.5 16.2 0 2.1 25.8 17 20.9 90.1
177.6 69.7 0 6.2 20.5 40.6 29.2 40.8 61.2 5.2 42.5 61.7
44.8 56 53.7 26.8 30.1 2.1 19.8 9.6 50.5 28.2 52.4 124.2
121.1 97.5 72 89 5.2 16.6 10.4 39 59.7 53 64 113.1
186.5 104.6 135.4 107.6 60 28.2 45 70.5 51.9 102.9 92.7 184.8
81.5 68.8 107.1 66.7 37.2 24 40.4 37.4 54.6 47.2 42.7 63.1
113.2 153.9 76.2 61.7 20.2 3.9 2.1 64.2 39.1 56 58.2 85
169.2 59.2 141.7 31.2 2.3 7.2 7.9 5.1 27.4 39.5 43.7 31.3
27.5 71.6 20.4 37.1 4.9 10.9 8.7 28.5 20.4 22.4 26.3 64.8
193.7 174.4 125.1 13.5 0.8 14.1 2 8.2 2 34.2 71.7 46.6
99.2 108.8 49.3 33.9 15.6 21.5 5 4.6 47 61.8 92.6 125.6
NA NA NA NA NA NA NA NA NA NA NA NA
151.6 19.4 47.4 44.1 12 31.7 33 27.1 42.9 88.2 50.7 51.5
64.2 66.1 127 25.2 28 16.1 16 7.4 24.6 41 14.3 23
46.5 31.1 19 24.1 21.7 17.4 16.1 21.7 19.3 18.1 28.9 35.6
100 69.6 36.8 42.3 37.7 69.9 5.1 16.7 20.6 67.2 41.3 61
77.8 92.6 70.9 26.5 41.3 26.2 13.6 19.7 21.1 27.5 27.9 34.1
127 51.6 39.4 10.3 0 5.4 18.7 8.5 5.7 27.2 34.4 47.9
87.7 47.3 88.3 NA 8 7.8 14.2 26.6 27.8 56.9 26.2 73.7
52.4 62.2 36.9 35.7 2.9 5.6 2.5 1.4 9 22.1 40.4 113.4
98.6 108.3 46.8 15.5 6.4 10.6 3.7 8.9 19.9 15.6 29.5 111.5
151.6 42.2 22.8 12 12.9 6 2.9 5 18.3 8.2 61.4 102.5
90.2 89.2 72.8 11.3 8.8 2.4 1 22 70.1 12.6 63.5 23
104.4 66.4 27.3 35.1 2.6 36.9 5.4 10.9 16.6 16 72.8 20.1
64.9 94.9 143.2 9.8 0.2 2.3 5.4 4.2 37.3 13.3 17.3 47.2
109.6 51.1 32.3 0.3 2.1 13 6.3 16.3 3.2 57.3 4.2 88.2
141.8 151.3 113.1 16.2 4.7 21 18.7 17.6 3.6 39.2 33.6 99.7
39.8 116.8 73.4 32.8 3.7 5.4 33.5 9.5 6.7 65.7 17.4 62.3
NA NA NA NA NA NA NA NA NA NA NA NA
NA 60.2 61.7 19.8 0 0 15.3 11.6 5.2 2.1 19.1 40.4
104.6 62 23.1 15.8 0 0 2.4 0 38.3 19.2 49.4 49.6
105.3 55.3 85.4 9.8 0 0 0 0 21.6 0 26.7 43.1
52.1 62.2 72.5 0 0 0 0 0 0 0 39.9 44.8
61.6 46.2 50.7 24.3 4.9 10.9 1.3 4.8 7.2 29.3 26.5 124.3
84.8 94.7 100.4 20.4 3.1 0 15.7 6.7 18.4 7.7 132.6 135.3
146.4 96.5 73.5 28.1 31.2 1.2 11.5 9.4 29.9 57 0 80.4
44.3 294.9 72.3 24.1 5.5 1.5 23 1.8 29.2 27.1 30.7 114.3
134 138.9 65.1 30.9 0.8 1.9 11 4.7 9.3 18.9 47.9 127.9
108.3 143 52.5 17.1 13.1 55.1 15.7 21 3.4 44.3 25.4 95.7
145 43.6 45.1 14.6 17.6 0.1 0 19.5 37.7 43.8 43 42.1
103.7 60.2 50.7 76.9 7.6 0 6.3 21 13.9 57.6 34.1 64
96.9 58.7 19.3 65.9 0 5.2 0 0 2.9 22.9 18.9 18.9
73.4 85.5 65.3 20.7 103.7 1.9 2.1 0 19.1 16.9 14.8 21.4
75.9 135 16.3 2.8 4.5 50.7 6.4 14.7 9.7 30.4 22.2 59.3
78.4 142 23.2 10.6 0 3.6 17.8 0 40.2 40.3 52.5 65.7
64.8 82 58 9.2 0 5.8 0 0 26.6 46.8 3.9 58.6
NA NA NA NA NA NA NA 0.1 5.6 0.8 NA 90.1
207.7 68.3 32.5 0 0 0 0.4 3 7.2 0 0 37.1
55.7 227.7 84.5 1.3 2.1 0 0 0 0.3 14 56.6 51.4
137.5 17.6 61.7 14.9 0 0 0.2 0.6 0.3 4.5 37.2 108.1
178.8 17.5 39.4 0.1 0 0 0 0 2.6 5.7 21.3 98.7
45.1 12.5 104.5 0 0 0 3.5 0 0.1 20.9 1.8 6.2
NA 136.9 44.4 0 0 0 0 18.7 3.2 0.1 31.5 91.7
100.3 27.7 67 8.3 0 0 0 0 5.6 23 3 20.9
2.9 4.4 4.5 0 0.8 0 0.5 0 10.5 15.5 0 28
224.4 240.3 110.2 0 0 0.6 0 0.7 0 20.9 62.7 23.9
NA NA NA NA NA NA NA NA NA NA NA NA
NA NA NA NA NA NA NA NA NA NA NA NA
NA NA NA NA NA NA NA NA NA NA NA NA
NA NA NA NA NA NA NA NA NA NA NA NA
NA NA NA NA NA NA NA NA NA NA NA NA
NA NA NA NA NA NA NA NA NA NA NA NA
NA NA NA NA NA NA NA NA NA NA NA NA
NA NA NA NA NA NA NA NA NA NA NA NA
NA NA NA NA NA NA NA NA NA NA NA NA
NA NA NA NA NA NA NA NA NA NA NA NA
20.7 44.7 33 3.9 0 0 0 0 0 0 4.5 39.5
64.4 47.2 38.7 4.7 2.6 0 0 0.6 0 0.9 NA 49.8
215.1 93.9 14.5 16 0 0 0 16.8 119.4 2.1 26.8 36.4
142.2 102.2 7 6.2 0 19.2 0 0 0 5.7 8.9 7.5
90.9 79.6 90.4 17 0 0 0 0 24.7 4.8 0 5
159.6 100.2 62.9 0 0 4.5 0 0.2 0 2.1 16.5 128.6
222.4 197.9 116.7 11.4 0 0 0 12.4 10.6 24.4 2.4 NA
NA 23.6 120.5 0 0 NA NA NA NA NA NA NA
163.3 23.6 120.5 0 0 0 0 0 0 0 NA NA
231.7 101.8 NA NA NA NA NA NA NA NA NA NA
NA NA NA NA NA NA NA NA NA NA NA NA
NA NA NA 0 0 0 0 0 NA 0 NA NA
NA NA 51.2 0 0 0 0 0 0 0 NA 21.6
161 32.2 118 0 0 0 0 5.7 0 6.4 0 109.7
24.6 399.4 76.8 11.6 0 0 0 0 9.6 0 16 42
49.8 40.9 52 23.9 0 NA 0 0 0 3.5 0 45.2
115.8 269 42.1 0 43.8 0 33.4 0 0.4 0 15 103.9
102.9 93 87.6 19.3 NA 0 0 0 0 1.5 9.1 91.5
185.1 114 36.2 0 20 12.6 0 0 0 0 0 42.9
95.5 55.7 0 9.9 12.6 0 0 0 0 0 0 9.6
26.2 23.5 27.8 6.7 0 0 0 0 0 7 0 NA
20.5 77.8 0 35 0 0 0 0 0 0 8.4 3.5
62.9 9.8 25.3 38.8 0 0 0 0 0 0 0 26.6
31.6 43 51.7 10.5 0 45 NA NA 0 27 0 49.1
298.3 73.8 0 0 0 0 0 0 12 0 0 61.8
168.4 70.5 16.3 0 0 0 0 0 34.8 0 NA NA
NA NA NA NA NA 0 0 0 53 59 55.2 95.8
88.3 53 39.3 1.9 0.2 0 0 6.5 42.7 1.2 33 43.4
86.6 100.2 103.4 0.7 0.7 0 0 0 6 26.7 55.6 136.4
95.6 72 68.8 14.3 0 0 0.6 10.1 3 11 35.6 151.2
131.9 39.9 79.2 20 0 0 0 0 1.8 16.8 24.5 78.8
41.7 37.5 50.4 0 0 0 2 16.5 4.9 23 22 25.3
117.1 73 58.9 16.7 0 0 0 21.1 21.5 14.8 17.7 59
72 62.3 33.3 6 0 0 0 0 26.1 11 34.9 62.7
23.5 33 7.8 13.5 0 0 2.5 15.9 3.9 15.6 18.2 53.6
178.4 128.4 167.6 7.9 3.2 1.1 0 1.2 9.7 52.4 66.3 43.9
75.3 96 21.8 58.9 1 0 0 5.2 7.2 39.5 57.9 109.2
62.4 68.7 0 9.2 0.3 0.4 0 0 4.6 28 48 147.2
149.9 36.6 69.6 10.4 0 11.5 3 0 3.7 60.1 40.5 31
78.3 53.2 174.2 44 1.6 0 0 0 38.2 18 24 95.2
56.5 59.5 36 90.7 0 1.2 0 0 1.5 10 17.7 54.5
121.3 81.5 30 19.3 1 11.8 0 5.2 0 29.6 66.1 103.9
128 89.7 65.8 17.8 0 0 0 0.5 2.5 34.3 46 34.9
98.3 84.2 32.6 2.5 NA 6.8 2.5 3.9 0 40.4 46.4 55.3
128.3 37.6 65.5 4.9 0 0 0 15.8 14.1 23.5 35.8 82.4
101.6 30.8 35.4 7.2 1.2 0 0 0 2.3 4.5 40.1 75.9
107.8 44.2 80.9 0.1 2 NA NA NA NA NA NA 81.8
73.2 73.9 40.9 19 2 0 0 26.7 2.6 32.7 57.8 90.4
137.7 119.7 76.6 70.8 0 0 0 5 44.9 13.5 27.5 28.3
53.6 91.2 51.3 11.2 0 1.4 0 6.8 0 65.6 51.8 49
59.1 66.2 117.1 15.5 0 0 0.5 0 31.5 37.1 4.2 47.1
117.8 39.4 65 8.5 0 0 0 0.4 1.8 22.5 3.8 120.5
172.3 132 106.2 28.2 0 0.2 0 8.4 12.4 31.4 11 74.9
91.3 92.6 55.7 17.4 10 9 2.3 0.2 3 44.2 54.2 13.6
83.9 79.6 40.8 11.8 6.4 0 11.4 11.2 6.3 10 7.7 124.4
84.3 102.4 32.1 18.4 0 0.1 10.5 1.8 0.8 5.2 6.1 54.2
104.6 85.2 35.5 31 0 0 0 0 27.2 49.8 60.1 43.6
120.7 54.4 57 18.8 2.3 0 0 0 4.1 45.2 35.8 41.3
115 62.7 79 11.8 0 0 2.1 0 18.4 20.9 44.5 75.6
108.6 48.5 50.7 2 0 0 0 2.3 2.1 21 10.4 92.3
138.7 110.9 102.5 25.8 4.7 0 0 0 6.4 3.2 80.2 99.3
112.9 52.7 66.4 26 4 0 0.5 6.5 0.8 36.7 20.8 63.8
74.4 197.9 149.6 3.5 14 0 1.6 0 0 8 44.2 91.8
115.7 108 96 23.8 0 0 0 0 9.8 16.1 66.8 100.2
143.3 173.7 20.6 0.2 7.9 1 1 11 1.4 18.4 27.8 87.4
101.9 127.2 8.6 7.5 9.5 0 0 0.5 5.1 96.3 28.8 17.7
113.8 88.1 45.6 42.1 0 0 0 8.7 5 40.9 34.4 23.1
47.3 101 18.8 20.8 0 0 0 0 11.9 15.4 4.7 45.6
49.7 30.5 68.2 38.4 1.4 0.1 2.5 0.1 16.8 17 10.3 67.4
183.7 82.3 82.2 0.3 0 0.2 8.6 22.1 1.9 46.7 40.8 90.5
87.6 130.7 24 20.7 0.6 2.8 24.7 0 36.5 16.3 24.4 43.4
97.6 128.1 57.6 6 0 0 0 0 30.5 43.8 3.7 78.5
NA NA NA NA NA NA NA NA NA NA NA 252.4
4 61.5 31.5 0 0 0 0.4 1.1 26 0 0 24
48 106 102 0 2.5 0 0 0 0 0 20 89
110 52 35 4 0 0 0 0 0 5 44 39
249 0 54 0 0 0 0 0 0 0 0 77
0 20 85 0 0 0 0 0 0 25 6 0
78 93 27 14 0 0 0 9 9 0 NA 59
112 41 38 17 0 0 0 0 0 25 8 9
14 9 0 5 0 0 0 0 10 0 0 23
284 206 79 0 0 3 0 NA 0 24 40 NA
NA NA NA NA NA NA NA NA NA NA NA NA
NA NA NA NA NA NA NA NA NA NA NA NA
100.4 13.7 2.6 NA 0 7.1 NA NA 0 0 0 20.1
NA NA 45.9 0 0 0 0 0 NA NA 0 17
22.4 8.1 35 NA 0 0 0 NA 0 0 27.4 0
87.3 40.4 4.6 11.7 0 8 0 0 0 20.2 13.2 91.8
85.5 33.6 24.7 5.7 0 0 0 0 0 11.2 3.5 4
91.7 9.6 0 0 0 0 0 0 0 3 4.4 86.9
125.1 2.3 42 1.1 0 0 0 11.5 0 7.3 3.1 22.3
134.8 66.2 2 0 0 0 0 0 10.1 0 0 NA
101.5 38.8 55.6 0 5.9 0 0 0 0 0 0 41.2
118.4 86.4 9.7 1.1 0 0 0 13 0 0 10.5 NA
NA 154.1 53.2 59.3 0 0 0 0 9.4 4.3 0 17.5
21.4 25.3 0 0 0 0 0 0 0 0 14 NA
165.8 110.8 102.6 NA 0 0 0 0 0 14.2 0 33.7
92.2 32.7 19.9 12.5 0 0 0 0 NA 11.5 0 NA
87.9 NA NA NA NA NA NA NA NA NA NA NA
NA NA NA NA NA NA NA NA NA NA NA NA
NA NA NA NA NA NA NA NA NA NA 0 24.3
134.6 86.6 15.2 0 0 10.1 NA 25.5 0 0 NA 17.4
82.3 178.1 0 0 0 0 0 0 10.9 0 4 23
149.7 101.6 38 0 0.1 0 0 0 0 28.2 8.6 9.4
104.8 32.7 94.5 4.6 0 0 0 0 1 0 13.3 16.1
271.4 47.1 6.5 0 0 0 0 0 0 1.7 0 107
8.6 70.5 29.9 11 0 0 0 0 0 0 5.9 68.3
27.1 87.4 46.2 0 0.4 NA 0 0 0 1.8 0 19.5
58.5 231.1 73.4 10 0 0 6.2 0 35.1 0 0 0
70.3 101.1 35.9 17.5 0 0 0 0 0 0 0 71.8
118.6 51.5 9.5 0 9.1 12.8 0 2.4 0 0 0 42.2
112.3 28.2 0 0 0 0 0 1.1 3.3 12.6 0 0
75.7 60.6 9.6 3.4 11 0 0 0 0 0 0 0
26.3 101.9 0 12.2 16.6 3.2 3.9 0 0 0 0 30.3
83.8 75.2 82.3 0 0 0 0 0 5.6 0 132.7 NA
72.1 21.7 39.8 2.5 2.5 7.9 4.5 0 0 NA NA 39
147.4 133.4 0 0 0 0 0 0 16.1 0 0 NA
84.7 17.8 22.6 0 0 0 0 0 0 3 0 30.9
NA NA NA NA NA NA NA NA NA NA NA NA
NA NA NA NA NA 0 0 20.3 60.5 16.5 22.4 NA
57 188 148.5 18 0 0 0 14 26.2 60.2 103.8 178.7
228.7 174.1 47 81.1 0 0 10 36.7 7.2 35.5 NA 250.1
220.3 96.3 98.8 24.6 0 0 0 0 3.2 57.4 55.9 131.5
35.2 77.6 115.8 0 4.5 0 8 51.4 14.3 70.3 44 41
238 143.1 52.5 26 5 0 0 38.5 37.5 31 53.5 86.7
189 91 140.5 50 0 0 0 0 11.5 218 50.7 62.1
37.9 90.2 3.8 0 1 0 0 18.5 29.9 17 15.5 86.3
353.1 366.1 249.2 38.1 0 0 0 10.5 3.5 91.9 59.6 92.6
73.3 238.4 74.7 68.5 0 0 0 15 11.4 27.7 268.8 228.9
102.9 167.1 192.5 15.9 0 0 0 0 2.7 34.7 55.9 179.5
242.4 24.6 28.6 2.3 0 10.2 7.5 0 2.7 1.4 6.3 101.6
131.2 74.8 196.7 42.8 0 0 0 0 10.6 15.2 16.6 99.9
155.7 72.6 106.7 97.6 0 0 0 0 4.2 2.5 26.8 30
160.4 58.6 18.8 50.4 4.2 16.9 0 26.8 0 80.7 105.3 74
110.2 NA 78.2 26.7 0 0 0 3.5 0 48.9 68 100.5
246.9 118.6 72.6 27.5 0 8.4 6.5 13.2 0 52.9 89.4 155
154.6 NA 62.1 10 5.2 0 0 1.5 0 14.7 34.7 68.5
77.8 76.9 29.2 4.8 0 0 0 0 2.3 12.3 84.4 46
98 49.1 66.1 NA NA NA NA NA NA NA 30.3 95.6
109.1 44 56.9 22.5 2.1 0 0 31.7 1.2 10.3 92.1 135.3
92.4 200.4 70.4 23.5 9.7 0 0 16 31.3 11.7 57.9 45.4
31.2 88.1 83.1 26 0 3.2 NA 2 0 77.7 135.7 16.2
66.2 236.2 136.2 11.6 24.4 0 0 0 31.1 77.8 14.9 34.7
219.6 84.1 55.8 13.6 0.1 0.4 0 0 1.2 30.1 15.3 352.8
359.7 245 87.6 7.8 0 0.2 0 3.4 19.2 21.8 10.6 55.7
89 109.8 54.9 18.5 1.2 4.1 12.7 0 7.1 28.1 25.1 12.1
118.6 107.1 46.7 3.8 2.5 0 4.9 0 1.4 3.4 0 81.3
67.5 71.1 49.5 15.6 0 0 2.4 0.7 1.6 0 1 13.9
71.6 54.2 14.6 9.5 0 0 0 0 50.5 31.7 33.4 51.3
162.5 74.5 21.6 8.8 12.8 0 0 0.3 10 14.6 27.3 54.3
198.4 23.1 35.1 38 0.1 0 0.4 0 14 8.3 18.9 87.3
192 34.2 24.1 4.2 0 0 0 2.3 0 15.2 19.4 64.6
139.4 140.6 71.5 37.8 5.5 0 0 0 2.1 0 14.6 82.5
69.1 75.9 44.8 8.4 1.6 0 2.3 5.9 0 21 2 37.5
22.6 309 157.1 6.5 0.1 0 0 0 1.2 8.6 7.7 94.4
104.7 133.6 108.9 22.1 3.2 0 0 0 1.4 0.3 69.5 74.6
144.6 136.8 3 0.3 12.7 0 0 9.4 6.1 18.5 3.6 237.6
259.6 201.9 8 7.7 4.2 0 0 6.4 0 18.8 2.6 30.5
142.9 111.7 34.1 21.2 0 0 0 5.3 12.1 17 20.2 25.7
20.6 83.2 10.8 21 0.2 0 0 0 1.2 4.2 6.2 31.8
67 46.5 19.8 21 NA 0 1.3 0 7.4 6.7 2 86.3
108.9 123.2 69.9 2.5 1 0 5.5 7.5 2.3 29.2 10.1 65.8
147.3 101.1 15.7 16.7 0.6 1.6 9.7 0 17.1 22.2 25.3 13.5
51.1 68.4 44.1 7.3 2.3 0 0 0 15.8 21.9 7.3 48.6
NA NA NA NA NA NA NA 0 NA 0 NA NA
107.6 49.1 42.4 0 0 0 0 1.5 0 0 0 44.2
42 179.6 56.5 0 0 0 0 0 0 16 11 61.5
114.4 8.5 9 9 0 0 0 0 0 11.5 17 42.5
133.6 13.4 38 0 0 0 0.2 0 0 1 0 70.2
10 18.4 68 0 0 0 3.5 0 0 15 0 5.6
105.9 180.2 7.7 28.8 0 0 0 1.5 10.2 0 4.5 72.5
86.9 28.4 42.3 3.5 0 0 0 0 8.5 23.6 11.5 8.5
0 16 9.4 0 0 0 0 0 5.6 3 0 14.5
148.8 173.5 95.1 0 0.5 0 0 0 0 19.4 47 2.9
NA NA NA NA NA NA NA NA NA NA NA NA
NA NA NA NA NA NA NA NA NA NA NA NA
NA NA NA NA NA NA NA NA NA NA NA NA
NA NA NA 30.8 29.5 0 0 0 0 0 0 14.9
NA NA NA NA NA NA NA NA NA NA NA NA
NA NA NA NA NA NA NA NA NA NA NA NA
87.6 24.6 75.9 2.4 0 0 0 0 0 0 4.3 NA
139.6 0 0 0 0 0 0 0 0 0 5.2 10.1
151.6 8 78.6 0 0 0 0 11.5 0 11.7 1.7 33.7
77 42.8 32.4 3.3 0 0 0 0 9.5 0 0 NA
30.3 2.8 32.5 6.5 0 0 0 0 0 NA 0 13.3
43.5 81.3 30.7 0 0 0 0 0 0 0 0 42.5
103.2 130.4 58.1 13.5 0 0 0 0 0 0 0 20.2
99.2 NA 0 0 0 21 0 0 0 0 0 0
49.9 155 153.3 14.7 NA 0 0 0 0 0 0 16.6
94 44.1 71.6 0 0 0 0 0 0 0 0 13.4
175.4 203.3 92 10.3 0 0 0 0 0 0 0 35.5
6.8 144.1 25.3 10.5 0 0 0 0 0 7.5 5.2 24.1
37 0 23.9 0 0 0 20.5 0 0 0 0 18.9
52.9 117.3 5.2 0 0 3.2 9.6 3.7 0 0 0 0
71.4 123.3 5.5 0 0 0 0 0 0 0 5.2 21.9
129.6 52.7 30.2 0 0 0 0 0 0 0 5 8
67.2 90.2 37.4 0 0 0 0 0 0 0 19 10.2
160.1 21.6 17.6 0 0 0 0 0 0 0 0 30
20.1 37.1 30.2 0 0 0 0 0 0 0 8.8 8.7
34.6 NA NA NA NA NA NA NA NA NA NA NA
126.9 160.2 19.5 0 0 0 33.4 0 0 0 10 50.7
109.8 112 88.9 2.4 0 0 0 0 0 0 0 71.2
141.9 13.3 11 0 0.8 11.1 0 0 0 0 0 91.4
59.6 55.7 0 0 0 0 0 0 2.5 6.5 7 0
94 56.4 59 19 0 0 0 0 0 0 0 0
22.5 79.6 61 16 0 0 0.5 0 0 0 0 8.5
250.5 60.5 55.5 15 0.5 0 NA 0 0 18 0 NA
86 122 32 3.5 0 0 33 39.6 29.7 73.7 84.6 60.1
120.5 87.5 15.1 0 1 0 0.5 0 0 0 10 40.3
109 86 106 0 0 0 0 0 7 58.7 0 12.2
NA NA NA NA NA NA NA 16 0 50.3 0 28
210 45 0 0 0 0 0 0 0 0 18 83
104 143 135.7 17 0 0 0 0 0 35 79 129.8
135.2 73.3 43.9 0 0 0 0 0 0 28 32 98.6
299.5 20 22 0 0 0 0 0 0 0 15 228
0 17 83 0 0 0 0 3 10 0 6 20
130 NA 60 0 6 0 0 22 24 2 0 56
61 33.2 76 19 0 0 0 0 19 91 0 30.2
7 41 23 0 0 0 0 0 29 0 0 0
NA NA NA NA NA NA NA NA NA NA NA NA
NA NA NA NA NA NA NA NA NA NA NA NA
NA NA NA NA NA NA NA NA NA NA NA NA
NA NA NA NA NA NA NA NA NA NA NA NA
NA NA NA NA NA NA NA NA NA NA NA NA
NA NA NA NA NA NA NA NA NA NA NA NA
NA NA NA NA NA NA NA NA NA NA NA NA
NA NA NA NA NA NA NA NA NA NA NA NA
NA NA NA NA NA NA NA NA NA NA NA NA
NA NA NA NA NA NA NA NA NA NA NA NA
NA NA NA NA NA NA NA NA NA NA NA NA
145 61.8 36.5 0 0 0 0 0 0 0 0.6 36.2
NA 69.8 20.6 4.3 1.2 0 0 15.1 0 0 18.7 71.6
210.6 138.8 29.5 46 0 0 0 1.9 NA NA NA NA
13.8 0 0 0 0 0.1 0 12 0 0 6.6 NA
49.1 115.5 251.3 NA NA NA NA NA 4 0.2 0.8 2.1
NA NA NA NA NA NA NA NA NA NA NA NA
NA NA NA NA NA NA NA NA NA NA NA NA
NA NA NA NA NA NA NA NA NA NA NA NA
NA NA NA NA NA NA NA NA NA NA NA 73.6
76.6 66.7 10.3 0 0 0 26.5 58.4 4 0.5 0 NA
120.7 233.6 24.5 39.5 0 0 0 0 27 0.3 101.5 46.5
177.5 110 69 0 2 0 0 0 0 10 11.5 13.6
149.8 83.5 104 1 0 0 0 NA NA 3 10.3 28.8
217.9 19 39.2 0 0 0 0 0.2 0 14.8 0 67
100.8 56.9 37.9 9 0 0 0 0 0 0 8 57.5
66.7 119.6 7.3 15.5 7 0 0 0 3 3.5 0 27.7
31 154 59.5 18 11 0 5 0 0 0 10.8 76.3
62.6 128 85 NA NA 0 0 0 0 0 15.5 79.8
68.3 38.8 0 0 4 0.5 0 10 0 0 0 101
120.2 0 0 0 0 0 0 3.5 5.5 10.5 0 6.5
27.5 12.6 50 0 0 0 0 0 0 4.5 0 0
26.5 121.5 0 20 0 2.5 0 0 0 0 0 8.7
106.5 NA 65 0 NA 0 0 0 0 0 4.5 NA
61.5 262 70.5 0 0 8 4.2 8.5 0 1.5 NA NA
97.5 176 0 0 0 3.5 0.5 0 19 5.5 0 45.5
87.5 61.5 41.5 0 0 0 0 0 0 6.5 10.5 73
56.5 82.5 53.6 0.5 2.4 0 0 1.2 0 0 41 77
47.2 17 12.6 0 0 0 0 17.2 15.6 0 0 19.5
44.7 96.9 47.3 1.3 4.6 0 0 0 0.3 4.2 3.6 NA
NA NA NA NA NA 0 0 0 0 1.5 12.6 93.4
64.1 4 8.5 0 0 0 0 0 0 0 0 15.2
5.5 3 22.1 0 0 0 0 0 0 0 0 0
60 43.5 23.6 4.3 0 0 0 2.1 2 0 0 27
116.5 29 41.5 13 0 0 0 4 9 0 0 26
9.2 11 13 0 0 0 0 0 23.1 0 0.1 5.3
231.2 70.4 60.2 0.4 0 9.4 0 9.7 0 9.7 27 6.1
37.5 46.5 12 0 0 0 0 0 0 0 NA 94
7 14 59 6 0 0 0 0 0 0 3.2 71
179 5 19 0 0 0 0 0 2 25 6.2 0
19.5 0 51.6 8.7 0 35.5 0 0 NA 0 1.6 45.3
10.1 16.6 9 4.9 0 0 0 0 0 0 8.5 0
37.2 21.5 15.1 0 1 2.5 0 0 0.2 1.3 10.5 34.1
40.8 12.6 11.7 4.5 0 0 0 0 0 5.9 0 5.4
69.9 10.8 0 0 NA 0 0 0 NA 0 3.5 76
247.3 6.3 56.1 4.2 6.1 0 0 15.5 0 0 0 35
43.3 33.3 15 10 0 0 0 0 3.5 0 0 47.9
38.8 1.5 4.6 0 NA NA NA NA 0 0 0 56.5
72.3 38.2 0 2 0 0 0 18.8 0 0 28 40.5
90.1 83.1 22 0.3 0 0 0 0 4.5 0 1 0
22 0 0 0 0 0 0 0 0 8.1 4.1 5.8
45 78.7 89.9 2.6 0 0 0 0 0 0 0 4.2
134.2 51.2 4.6 0 5.6 0 0 0 0 0 0 43.4
226.5 135.7 0.7 0 0 0 0 0 0.1 0 10.2 0
2.8 70 16.7 0.7 0 6.1 0 0 0 33.1 2.9 0.5
74.6 14.2 38 0 3.3 0 0 0 0 0 0 53.5
98.5 33.2 16.4 0 0 0 0 0 0 0 0 59.9
111.4 115.1 124.7 0 0 0 0 0 7.2 0 1.8 24.6
158.9 33.2 79.8 8 0 0 0 0 0 0 0 1.7
23.8 7.6 27.9 0 0 0 0 0 0 0 1.2 27.5
143.7 NA NA 0 0 0 0 0 0 0 NA 0
NA 37 13.6 0 0 0 0 0 0 0 0 0
27.9 72.8 0 0 7.5 0 0 0 0 0 0 0
61.4 63.7 23.4 0 8.2 0 12 NA 0 0 0 66.3
50.5 86.1 20.1 8.5 0 0 0 0 0 0 0 85.5
95.9 40 4.5 0 0 0.5 0 0 0 0 0 23
96.1 43.4 0 0 0 0 0 0 0 0 28.1 7.2
64.3 40.9 44.9 17.2 2 0 0 0 0 0 0 0
1 77.4 0 4.3 0 0 6.5 0 0 0 0 2.6
99.4 68.7 8.3 0 0 0 0 0 0 0 0.8 24
57.2 63.3 17.5 0 0 5.8 7 14 0 0 0 28.9
34.4 56.5 10.3 0 0 0.5 2.2 0 0.1 0 0.8 5.8
77.8 101.9 4.7 0.1 0 0 0 0 4.1 2.6 0 43.5
